0 20
1 20,BUFX2
2 20,BUFX2
3 20,BUFX2
4 20,BUFX4
5 20,BUFX4
6 20,BUFX4
7 20
8 20,BUFX2
9 20,BUFX2
10 20,BUFX4
11 20,BUFX4
12 20,BUFX4
13 20,BUFX2
14 20,BUFX2
15 20,BUFX2
16 20
17 20,BUFX4
18 20,BUFX4
19 20,BUFX4
20 20,BUFX2
21 20,BUFX2
22 20,BUFX2
23 20
24 20,BUFX4
25 20,BUFX4
26 20,BUFX2
27 20,BUFX2
28 20,BUFX2
29 20,BUFX4
30 20,BUFX4
31 20,BUFX4
32 20
33 20,BUFX2
34 20,BUFX2
35 20,BUFX2
36 20,BUFX4
37 20,BUFX4
38 20,BUFX4
39 20
40 20,BUFX2
41 20,BUFX2
42 20,BUFX2
43 20,BUFX4
44 20,BUFX4
45 20,BUFX4
46 20
47 20,BUFX2
48 20,BUFX2
49 20,BUFX2
50 20,BUFX4
51 20,BUFX4
52 20,BUFX4
53 20
54 20,BUFX2
55 20,BUFX2
56 20,BUFX2
57 20,BUFX4
58 20,BUFX4
59 20,BUFX4
60 20
61 20,BUFX2
62 20,BUFX2
63 20,BUFX2
64 20,BUFX4
65 20,BUFX4
66 20,BUFX4
67 20
68 20,BUFX2
69 20,BUFX2
70 20,BUFX2
71 20,BUFX4
72 20,BUFX4
73 20,BUFX4
74 20
75 20,BUFX2
76 20,BUFX2
77 20,BUFX2
78 20,BUFX4
79 20,BUFX4
80 20,BUFX4
81 20
82 20,BUFX2
83 20,BUFX2
84 20,BUFX2
85 20,BUFX4
86 20,BUFX4
87 20,BUFX4
88 20
89 20,BUFX2
90 20,BUFX2
91 20,BUFX2
92 20,BUFX4
93 20,BUFX4
94 20,BUFX4
95 20
96 20,BUFX2
97 20,BUFX2
98 20,BUFX2
99 20,BUFX4
100 20,BUFX4
101 20,BUFX4
102 20
103 20,BUFX2
104 20,BUFX2
105 20,BUFX2
106 20,BUFX4
107 20,BUFX4
108 20,BUFX4
109 20
110 20,BUFX2
111 20,BUFX2
112 20,BUFX2
113 20,BUFX4
114 20,BUFX4
115 20,BUFX4
116 20
117 20,BUFX2
118 20,BUFX2
119 20,BUFX2
120 20,BUFX4
121 20,BUFX4
122 20,BUFX4
123 20
124 20,BUFX2
125 20,BUFX2
126 20,BUFX2
127 20,BUFX4
128 20,BUFX4
129 20,BUFX4
130 20
131 20,BUFX2
132 20,BUFX2
133 20,BUFX2
134 20,BUFX4
135 20,BUFX4
136 20,BUFX4
137 20
138 20,BUFX2
139 20,BUFX2
140 20,BUFX2
141 20,BUFX4
142 20,BUFX4
143 20,BUFX4
144 20
145 20,BUFX2
146 20,BUFX2
147 20,BUFX2
148 20,BUFX4
149 20,BUFX4
150 20,BUFX4
151 20
152 20,BUFX2
153 20,BUFX2
154 20,BUFX2
155 20,BUFX4
156 20,BUFX4
157 20,BUFX4
158 20
159 20,BUFX2
160 20,BUFX2
161 20,BUFX2
162 20,BUFX4
163 20,BUFX4
164 20,BUFX4
165 20
166 20,BUFX2
167 20,BUFX2
168 20,BUFX2
169 20,BUFX4
170 20,BUFX4
171 20,BUFX4
172 20
173 20,BUFX2
174 20,BUFX2
175 20,BUFX2
176 20,BUFX4
177 20,BUFX4
178 20,BUFX4
179 20
180 20,BUFX2
181 20,BUFX2
182 20,BUFX2
183 20,BUFX4
184 20,BUFX4
185 20,BUFX4
186 20
187 20,BUFX2
188 20,BUFX2
189 20,BUFX2
190 20,BUFX4
191 20,BUFX4
192 20,BUFX4
193 20
194 20,BUFX2
195 20,BUFX2
196 20,BUFX2
197 20,BUFX4
198 20,BUFX4
199 20,BUFX4
200 20
201 20,BUFX2
202 20,BUFX2
203 20,BUFX2
204 20,BUFX4
205 20,BUFX4
206 20,BUFX4
207 20
208 20,BUFX2
209 20,BUFX2
210 20,BUFX2
211 20,BUFX4
212 20,BUFX4
213 20,BUFX4
214 20
215 20,BUFX2
216 20,BUFX2
217 20,BUFX2
218 20,BUFX4
219 20,BUFX4
220 20,BUFX4
221 20
222 20,BUFX2
223 20,BUFX2
224 20,BUFX2
225 20,BUFX4
226 20,BUFX4
227 20,BUFX4
228 20
229 20,BUFX2
230 20,BUFX2
231 20,BUFX2
232 20,BUFX4
233 20,BUFX4
234 20,BUFX4
235 20
236 20
237 20,BUFX2
238 20,BUFX2
239 20,BUFX2
240 20,BUFX4
241 20,BUFX4
242 20,BUFX4
243 20
244 20,BUFX2
245 20,BUFX2
246 20,BUFX4
247 20,BUFX4
248 20,BUFX4
249 20,BUFX2
250 20,BUFX2
251 20,BUFX2
252 20
253 20,BUFX4
254 20,BUFX4
255 20,BUFX4
256 20,BUFX2
257 20,BUFX2
258 20,BUFX2
259 20
260 20,BUFX4
261 20,BUFX4
262 20,BUFX2
263 20,BUFX2
264 20,BUFX2
265 20,BUFX4
266 20,BUFX4
267 20,BUFX4
268 20
269 20,BUFX2
270 20,BUFX2
271 20,BUFX2
272 20,BUFX4
273 20,BUFX4
274 20,BUFX4
275 20
276 20,BUFX2
277 20,BUFX2
278 20,BUFX2
279 20,BUFX4
280 20,BUFX4
281 20,BUFX4
282 20
283 20,BUFX2
284 20,BUFX2
285 20,BUFX2
286 20,BUFX4
287 20,BUFX4
288 20,BUFX4
289 20
290 20,BUFX2
291 20,BUFX2
292 20,BUFX2
293 20,BUFX4
294 20,BUFX4
295 20,BUFX4
296 20
297 20,BUFX2
298 20,BUFX2
299 20,BUFX2
300 20,BUFX4
301 20,BUFX4
302 20,BUFX4
303 20
304 20,BUFX2
305 20,BUFX2
306 20,BUFX2
307 20,BUFX4
308 20,BUFX4
309 20,BUFX4
310 20
311 20,BUFX2
312 20,BUFX2
313 20,BUFX2
314 20,BUFX4
315 20,BUFX4
316 20,BUFX4
317 20
318 20,BUFX2
319 20,BUFX2
320 20,BUFX2
321 20,BUFX4
322 20,BUFX4
323 20,BUFX4
324 20
325 20,BUFX2
326 20,BUFX2
327 20,BUFX2
328 20,BUFX4
329 20,BUFX4
330 20,BUFX4
331 20
332 20,BUFX2
333 20,BUFX2
334 20,BUFX2
335 20,BUFX4
336 20,BUFX4
337 20,BUFX4
338 20
339 20,BUFX2
340 20,BUFX2
341 20,BUFX2
342 20,BUFX4
343 20,BUFX4
344 20,BUFX4
345 20
346 20,BUFX2
347 20,BUFX2
348 20,BUFX2
349 20,BUFX4
350 20,BUFX4
351 20,BUFX4
352 20
353 20,BUFX2
354 20,BUFX2
355 20,BUFX2
356 20,BUFX4
357 20,BUFX4
358 20,BUFX4
359 20
360 20,BUFX2
361 20,BUFX2
362 20,BUFX2
363 20,BUFX4
364 20,BUFX4
365 20,BUFX4
366 20
367 20,BUFX2
368 20,BUFX2
369 20,BUFX2
370 20,BUFX4
371 20,BUFX4
372 20,BUFX4
373 20
374 20,BUFX2
375 20,BUFX2
376 20,BUFX2
377 20,BUFX4
378 20,BUFX4
379 20,BUFX4
380 20
381 20,BUFX2
382 20,BUFX2
383 20,BUFX2
384 20,BUFX4
385 20,BUFX4
386 20,BUFX4
387 20
388 20,BUFX2
389 20,BUFX2
390 20,BUFX2
391 20,BUFX4
392 20,BUFX4
393 20,BUFX4
394 20
395 20,BUFX2
396 20,BUFX2
397 20,BUFX2
398 20,BUFX4
399 20,BUFX4
400 20,BUFX4
401 20
402 20,BUFX2
403 20,BUFX2
404 20,BUFX2
405 20,BUFX4
406 20,BUFX4
407 20,BUFX4
408 20
409 20,BUFX2
410 20,BUFX2
411 20,BUFX2
412 20,BUFX4
413 20,BUFX4
414 20,BUFX4
415 20
416 20,BUFX2
417 20,BUFX2
418 20,BUFX2
419 20,BUFX4
420 20,BUFX4
421 20,BUFX4
422 20
423 20,BUFX2
424 20,BUFX2
425 20,BUFX2
426 20,BUFX4
427 20,BUFX4
428 20,BUFX4
429 20
430 20,BUFX2
431 20,BUFX2
432 20,BUFX2
433 20,BUFX4
434 20,BUFX4
435 20,BUFX4
436 20
437 20,BUFX2
438 20,BUFX2
439 20,BUFX2
440 20,BUFX4
441 20,BUFX4
442 20,BUFX4
443 20
444 20,BUFX2
445 20,BUFX2
446 20,BUFX2
447 20,BUFX4
448 20,BUFX4
449 20,BUFX4
450 20
451 20,BUFX2
452 20,BUFX2
453 20,BUFX2
454 20,BUFX4
455 20,BUFX4
456 20,BUFX4
457 20
458 20,BUFX2
459 20,BUFX2
460 20,BUFX2
461 20,BUFX4
462 20,BUFX4
463 20,BUFX4
464 20
465 20,BUFX2
466 20,BUFX2
467 20,BUFX2
468 20,BUFX4
469 20,BUFX4
470 20,BUFX4
471 20
472 20
473 20
474 20
475 20
476 20
477 20
478 20
479 20
480 20
481 20
482 20
483 20
484 20
485 20
486 20
487 20
488 20
489 20
490 20
491 20
492 20
493 20
494 20
495 20
496 20
497 20
498 20
499 20
500 20
501 20
502 20
503 20
504 20
505 20
506 20
507 20
508 20
509 20
510 20
511 20
512 20
513 20
514 20
515 20
516 20
517 20
518 20
519 20
520 20
521 20
522 20
523 20
524 20
525 20
526 20
527 20
528 20
529 20
530 20
531 20
532 20
533 20
534 20
535 20
536 20
537 20
538 20
539 20
540 20
541 20
542 20
543 20
544 20
545 20
546 20
547 20
548 20
549 20
550 20
551 20
552 20
553 20
554 20
555 20
556 20
557 20
558 20
559 20
560 20
561 20
562 20
563 20
564 20
565 20
566 20
567 20
568 20
569 20
570 20
571 20
572 20
573 20
574 20
575 20
576 20
577 20
578 20
579 20
580 20
581 20
582 20
583 20
584 20
585 20
586 20
587 20
588 20
589 20
590 20
591 20
592 20
593 20
594 20
595 20
596 20
597 20
598 20
599 20
600 20
601 20
602 20
603 20
604 20
605 20
606 20
607 20
608 20
609 20
610 20
611 20
612 20
613 20
614 20
615 20
616 20
617 20
618 20
619 20
620 20
621 20
622 20
623 20
624 20
625 20
626 20
627 20
628 20
629 20
630 20
631 20
632 20
633 20
634 20
635 20
636 20
637 20
638 20
639 20
640 20
641 20
642 20
643 20
644 20
645 20
646 20
647 20
648 20
649 20
650 20
651 20
652 20
653 20
654 20
655 20
656 20
657 20
658 20
659 20
660 20
661 20
662 20
663 20
664 20
665 20
666 20
667 20
668 20
669 20
670 20
671 20
672 20
673 20
674 20
675 20
676 20
677 20
678 20
679 20
680 20
681 20
682 20
683 20
684 20
685 20
686 20
687 20
688 20
689 20
690 20
691 20
692 20
693 20
694 20
695 20
696 20
697 20
698 20
699 20
700 20
701 20
702 20
703 20
704 20
705 20
706 20
707 20
708 20
709 20
710 20
711 20
712 20
713 20
714 20
715 20
716 20
717 20
718 20
719 20
720 20
721 20
722 20
723 20
724 20
725 20
726 20
727 20
728 20
729 20
730 20
731 20
732 20
733 20
734 20
735 20
736 20
737 20
738 20
739 20
740 20
741 20
742 20
743 20
744 20
745 20
746 20
747 20
748 20
749 20
750 20
751 20
752 20
753 20
754 20
755 20
756 20
757 20
758 20
759 20
760 20
761 20
762 20
763 20
764 20
765 20
766 20
767 20
768 20
769 20
770 20
771 20
772 20
773 20
774 20
775 20
776 20
777 20
778 20
779 20
780 20
781 20
782 20
783 20
784 20
785 20
786 20
787 20
788 20
789 20
790 20
791 20
792 20
793 20
794 20
795 20
796 20
797 20
798 20
799 20
800 20
801 20
802 20
803 20
804 20
805 20
806 20
807 20
808 20
809 20
810 20
811 20
812 40
813 40,BUFX2
814 20,BUFX2,20,BUFX2
815 20,BUFX2,20,BUFX4
816 40,BUFX4
817 20,BUFX4,20,BUFX2
818 20,BUFX4,20,BUFX4
819 40,BUFX2
820 20,BUFX2,20,BUFX2
821 20,BUFX2,20,BUFX4
822 40,BUFX4
823 20,BUFX4,20,BUFX2
824 20,BUFX4,20,BUFX4
825 40,BUFX2
826 20,BUFX2,20,BUFX2
827 20,BUFX2,20,BUFX4
828 40
829 40,BUFX4
830 20,BUFX4,20,BUFX2
831 20,BUFX4,20,BUFX4
832 40,BUFX2
833 20,BUFX2,20,BUFX2
834 20,BUFX2,20,BUFX4
835 40,BUFX4
836 20,BUFX4,20,BUFX2
837 20,BUFX4,20,BUFX4
838 40,BUFX2
839 20,BUFX2,20,BUFX2
840 20,BUFX2,20,BUFX4
841 40,BUFX4
842 20,BUFX4,20,BUFX2
843 20,BUFX4,20,BUFX4
844 40
845 40,BUFX2
846 20,BUFX2,20,BUFX2
847 20,BUFX2,20,BUFX4
848 40,BUFX4
849 20,BUFX4,20,BUFX2
850 20,BUFX4,20,BUFX4
851 40
852 40,BUFX2
853 20,BUFX2,20,BUFX2
854 20,BUFX2,20,BUFX4
855 40,BUFX4
856 20,BUFX4,20,BUFX2
857 20,BUFX4,20,BUFX4
858 40
859 40,BUFX2
860 20,BUFX2,20,BUFX2
861 20,BUFX2,20,BUFX4
862 40,BUFX4
863 20,BUFX4,20,BUFX2
864 20,BUFX4,20,BUFX4
865 40
866 40,BUFX2
867 20,BUFX2,20,BUFX2
868 20,BUFX2,20,BUFX4
869 40,BUFX4
870 20,BUFX4,20,BUFX2
871 20,BUFX4,20,BUFX4
872 40
873 40,BUFX2
874 20,BUFX2,20,BUFX2
875 20,BUFX2,20,BUFX4
876 40,BUFX4
877 20,BUFX4,20,BUFX2
878 20,BUFX4,20,BUFX4
879 40
880 40,BUFX2
881 20,BUFX2,20,BUFX2
882 20,BUFX2,20,BUFX4
883 40,BUFX4
884 20,BUFX4,20,BUFX2
885 20,BUFX4,20,BUFX4
886 40
887 40,BUFX2
888 20,BUFX2,20,BUFX2
889 20,BUFX2,20,BUFX4
890 40,BUFX4
891 20,BUFX4,20,BUFX2
892 20,BUFX4,20,BUFX4
893 40
894 40,BUFX2
895 20,BUFX2,20,BUFX2
896 20,BUFX2,20,BUFX4
897 40,BUFX4
898 20,BUFX4,20,BUFX2
899 20,BUFX4,20,BUFX4
900 40
901 40,BUFX2
902 20,BUFX2,20,BUFX2
903 20,BUFX2,20,BUFX4
904 40,BUFX4
905 20,BUFX4,20,BUFX2
906 20,BUFX4,20,BUFX4
907 40
908 40,BUFX2
909 20,BUFX2,20,BUFX2
910 20,BUFX2,20,BUFX4
911 40,BUFX4
912 20,BUFX4,20,BUFX2
913 20,BUFX4,20,BUFX4
914 40
915 40,BUFX2
916 20,BUFX2,20,BUFX2
917 20,BUFX2,20,BUFX4
918 40,BUFX4
919 20,BUFX4,20,BUFX2
920 20,BUFX4,20,BUFX4
921 40
922 40,BUFX2
923 20,BUFX2,20,BUFX2
924 20,BUFX2,20,BUFX4
925 40,BUFX4
926 20,BUFX4,20,BUFX2
927 20,BUFX4,20,BUFX4
928 40
929 40,BUFX2
930 20,BUFX2,20,BUFX2
931 20,BUFX2,20,BUFX4
932 40,BUFX4
933 20,BUFX4,20,BUFX2
934 20,BUFX4,20,BUFX4
935 40
936 40,BUFX2
937 20,BUFX2,20,BUFX2
938 20,BUFX2,20,BUFX4
939 40,BUFX4
940 20,BUFX4,20,BUFX2
941 20,BUFX4,20,BUFX4
942 40
943 40,BUFX2
944 20,BUFX2,20,BUFX2
945 20,BUFX2,20,BUFX4
946 40,BUFX4
947 20,BUFX4,20,BUFX2
948 20,BUFX4,20,BUFX4
949 40
950 40,BUFX2
951 20,BUFX2,20,BUFX2
952 20,BUFX2,20,BUFX4
953 40,BUFX4
954 20,BUFX4,20,BUFX2
955 20,BUFX4,20,BUFX4
956 40
957 40,BUFX2
958 20,BUFX2,20,BUFX2
959 20,BUFX2,20,BUFX4
960 40,BUFX4
961 20,BUFX4,20,BUFX2
962 20,BUFX4,20,BUFX4
963 40
964 40,BUFX2
965 20,BUFX2,20,BUFX2
966 20,BUFX2,20,BUFX4
967 40,BUFX4
968 20,BUFX4,20,BUFX2
969 20,BUFX4,20,BUFX4
970 40
971 40,BUFX2
972 20,BUFX2,20,BUFX2
973 20,BUFX2,20,BUFX4
974 40,BUFX4
975 20,BUFX4,20,BUFX2
976 20,BUFX4,20,BUFX4
977 40
978 40,BUFX2
979 20,BUFX2,20,BUFX2
980 20,BUFX2,20,BUFX4
981 40,BUFX4
982 20,BUFX4,20,BUFX2
983 20,BUFX4,20,BUFX4
984 40
985 40,BUFX2
986 20,BUFX2,20,BUFX2
987 20,BUFX2,20,BUFX4
988 40,BUFX4
989 20,BUFX4,20,BUFX2
990 20,BUFX4,20,BUFX4
991 40
992 40,BUFX2
993 20,BUFX2,20,BUFX2
994 20,BUFX2,20,BUFX4
995 40,BUFX4
996 20,BUFX4,20,BUFX2
997 20,BUFX4,20,BUFX4
998 40
999 40,BUFX2
1000 20,BUFX2,20,BUFX2
1001 20,BUFX2,20,BUFX4
1002 40,BUFX4
1003 20,BUFX4,20,BUFX2
1004 20,BUFX4,20,BUFX4
1005 40
1006 40,BUFX2
1007 20,BUFX2,20,BUFX2
1008 20,BUFX2,20,BUFX4
1009 40,BUFX4
1010 20,BUFX4,20,BUFX2
1011 20,BUFX4,20,BUFX4
1012 40
1013 40,BUFX2
1014 20,BUFX2,20,BUFX2
1015 20,BUFX2,20,BUFX4
1016 40,BUFX4
1017 20,BUFX4,20,BUFX2
1018 20,BUFX4,20,BUFX4
1019 40
1020 40,BUFX2
1021 20,BUFX2,20,BUFX2
1022 20,BUFX2,20,BUFX4
1023 40,BUFX4
1024 20,BUFX4,20,BUFX2
1025 20,BUFX4,20,BUFX4
1026 40
1027 40,BUFX2
1028 20,BUFX2,20,BUFX2
1029 20,BUFX2,20,BUFX4
1030 40,BUFX4
1031 20,BUFX4,20,BUFX2
1032 20,BUFX4,20,BUFX4
1033 40
1034 40,BUFX2
1035 20,BUFX2,20,BUFX2
1036 20,BUFX2,20,BUFX4
1037 40,BUFX4
1038 20,BUFX4,20,BUFX2
1039 20,BUFX4,20,BUFX4
1040 40
1041 40,BUFX2
1042 20,BUFX2,20,BUFX2
1043 20,BUFX2,20,BUFX4
1044 40,BUFX4
1045 20,BUFX4,20,BUFX2
1046 20,BUFX4,20,BUFX4
1047 40
1048 40
1049 40,BUFX2
1050 20,BUFX2,20
1051 20,BUFX2,20
1052 40,BUFX4
1053 40,BUFX4
1054 20,BUFX4,20
1055 40,BUFX2
1056 40,BUFX2
1057 20,BUFX2,20
1058 40,BUFX4
1059 40,BUFX4
1060 20,BUFX4,20
1061 40,BUFX2
1062 20,BUFX2,20
1063 20,BUFX2,20
1064 40
1065 40,BUFX4
1066 40,BUFX4
1067 20,BUFX4,20
1068 40,BUFX2
1069 20,BUFX2,20
1070 20,BUFX2,20
1071 40
1072 40,BUFX4
1073 20,BUFX4,20
1074 40,BUFX2
1075 20,BUFX2,20
1076 20,BUFX2,20
1077 40,BUFX4
1078 40,BUFX4
1079 20,BUFX4,20
1080 40
1081 40,BUFX2
1082 20,BUFX2,20
1083 20,BUFX2,20
1084 40,BUFX4
1085 40,BUFX4
1086 20,BUFX4,20
1087 40
1088 40,BUFX2
1089 20,BUFX2,20
1090 20,BUFX2,20
1091 40,BUFX4
1092 40,BUFX4
1093 20,BUFX4,20
1094 40
1095 40,BUFX2
1096 20,BUFX2,20
1097 20,BUFX2,20
1098 40,BUFX4
1099 40,BUFX4
1100 20,BUFX4,20
1101 40
1102 40,BUFX2
1103 20,BUFX2,20
1104 20,BUFX2,20
1105 40,BUFX4
1106 40,BUFX4
1107 20,BUFX4,20
1108 40
1109 40,BUFX2
1110 20,BUFX2,20
1111 20,BUFX2,20
1112 40,BUFX4
1113 40,BUFX4
1114 20,BUFX4,20
1115 40
1116 40,BUFX2
1117 20,BUFX2,20
1118 20,BUFX2,20
1119 40,BUFX4
1120 40,BUFX4
1121 20,BUFX4,20
1122 40
1123 40,BUFX2
1124 20,BUFX2,20
1125 20,BUFX2,20
1126 40,BUFX4
1127 40,BUFX4
1128 20,BUFX4,20
1129 40
1130 40,BUFX2
1131 20,BUFX2,20
1132 20,BUFX2,20
1133 40,BUFX4
1134 40,BUFX4
1135 20,BUFX4,20
1136 40
1137 40,BUFX2
1138 20,BUFX2,20
1139 20,BUFX2,20
1140 40,BUFX4
1141 40,BUFX4
1142 20,BUFX4,20
1143 40
1144 40,BUFX2
1145 20,BUFX2,20
1146 20,BUFX2,20
1147 40,BUFX4
1148 40,BUFX4
1149 20,BUFX4,20
1150 40
1151 40,BUFX2
1152 20,BUFX2,20
1153 20,BUFX2,20
1154 40,BUFX4
1155 40,BUFX4
1156 20,BUFX4,20
1157 40
1158 40,BUFX2
1159 20,BUFX2,20
1160 20,BUFX2,20
1161 40,BUFX4
1162 40,BUFX4
1163 20,BUFX4,20
1164 40
1165 40,BUFX2
1166 20,BUFX2,20
1167 20,BUFX2,20
1168 40,BUFX4
1169 40,BUFX4
1170 20,BUFX4,20
1171 40
1172 40,BUFX2
1173 20,BUFX2,20
1174 20,BUFX2,20
1175 40,BUFX4
1176 40,BUFX4
1177 20,BUFX4,20
1178 40
1179 40,BUFX2
1180 20,BUFX2,20
1181 20,BUFX2,20
1182 40,BUFX4
1183 40,BUFX4
1184 20,BUFX4,20
1185 40
1186 40,BUFX2
1187 20,BUFX2,20
1188 20,BUFX2,20
1189 40,BUFX4
1190 40,BUFX4
1191 20,BUFX4,20
1192 40
1193 40,BUFX2
1194 20,BUFX2,20
1195 20,BUFX2,20
1196 40,BUFX4
1197 40,BUFX4
1198 20,BUFX4,20
1199 40
1200 40,BUFX2
1201 20,BUFX2,20
1202 20,BUFX2,20
1203 40,BUFX4
1204 40,BUFX4
1205 20,BUFX4,20
1206 40
1207 40,BUFX2
1208 20,BUFX2,20
1209 40,BUFX2
1210 40,BUFX4
1211 40,BUFX4
1212 20,BUFX4,20
1213 40
1214 40,BUFX2
1215 20,BUFX2,20
1216 40,BUFX2
1217 40,BUFX4
1218 40,BUFX4
1219 20,BUFX4,20
1220 40
1221 40,BUFX2
1222 20,BUFX2,20
1223 40,BUFX2
1224 40,BUFX4
1225 40,BUFX4
1226 20,BUFX4,20
1227 40
1228 40,BUFX2
1229 20,BUFX2,20
1230 40,BUFX2
1231 40,BUFX4
1232 40,BUFX4
1233 20,BUFX4,20
1234 40
1235 40,BUFX2
1236 20,BUFX2,20
1237 40,BUFX2
1238 40,BUFX4
1239 40,BUFX4
1240 20,BUFX4,20
1241 40
1242 40,BUFX2
1243 20,BUFX2,20
1244 40,BUFX2
1245 40,BUFX4
1246 40,BUFX4
1247 20,BUFX4,20
1248 40
1249 40,BUFX2
1250 20,BUFX2,20
1251 40,BUFX2
1252 40,BUFX4
1253 40,BUFX4
1254 20,BUFX4,20
1255 40
1256 40,BUFX2
1257 20,BUFX2,20
1258 40,BUFX2
1259 40,BUFX4
1260 40,BUFX4
1261 20,BUFX4,20
1262 40
1263 40,BUFX2
1264 20,BUFX2,20
1265 40,BUFX2
1266 40,BUFX4
1267 40,BUFX4
1268 20,BUFX4,20
1269 40
1270 40,BUFX2
1271 20,BUFX2,20
1272 40,BUFX2
1273 40,BUFX4
1274 20,BUFX4,20
1275 20,BUFX4,20
1276 40
1277 40,BUFX2
1278 20,BUFX2,20
1279 40,BUFX2
1280 40,BUFX4
1281 20,BUFX4,20
1282 20,BUFX4,20
1283 40
1284 40
1285 40
1286 40
1287 40
1288 40
1289 40
1290 40
1291 40
1292 40
1293 40
1294 40
1295 40
1296 40
1297 40
1298 40
1299 40
1300 40
1301 40
1302 40
1303 40
1304 40
1305 40
1306 40
1307 40
1308 40
1309 40
1310 40
1311 40
1312 40
1313 40
1314 40
1315 40
1316 40
1317 40
1318 40
1319 40
1320 40
1321 40
1322 40
1323 40
1324 40
1325 40
1326 40
1327 40
1328 40
1329 40
1330 40
1331 40
1332 40
1333 40
1334 40
1335 40
1336 40
1337 40
1338 40
1339 40
1340 40
1341 40
1342 40
1343 40
1344 40
1345 40
1346 40
1347 40
1348 40
1349 40
1350 40
1351 40
1352 40
1353 20,BUFX2,20,BUFX2
1354 20,BUFX2,20,BUFX2
1355 20,BUFX4,20,BUFX2
1356 20,BUFX4,20,BUFX2
1357 20,BUFX4,20,BUFX2
1358 40
1359 20,BUFX2,20,BUFX2
1360 20,BUFX2,20,BUFX2
1361 20,BUFX4,20,BUFX2
1362 20,BUFX4,20,BUFX2
1363 20,BUFX4,20,BUFX2
1364 20,BUFX2,20,BUFX2
1365 20,BUFX2,20,BUFX2
1366 40
1367 20,BUFX4,20,BUFX2
1368 20,BUFX4,20,BUFX2
1369 20,BUFX4,20,BUFX2
1370 20,BUFX2,20,BUFX2
1371 20,BUFX2,20,BUFX2
1372 40
1373 20,BUFX4,20,BUFX2
1374 20,BUFX4,20,BUFX2
1375 20,BUFX2,20,BUFX2
1376 20,BUFX2,20,BUFX2
1377 20,BUFX4,20,BUFX2
1378 20,BUFX4,20,BUFX2
1379 20,BUFX4,20,BUFX2
1380 40
1381 20,BUFX2,20,BUFX2
1382 20,BUFX2,20,BUFX2
1383 20,BUFX4,20,BUFX2
1384 20,BUFX4,20,BUFX2
1385 20,BUFX4,20,BUFX2
1386 40
1387 20,BUFX2,20,BUFX2
1388 20,BUFX2,20,BUFX2
1389 20,BUFX4,20,BUFX2
1390 20,BUFX4,20,BUFX2
1391 20,BUFX4,20,BUFX2
1392 40
1393 20,BUFX2,20,BUFX2
1394 20,BUFX2,20,BUFX2
1395 20,BUFX4,20,BUFX2
1396 20,BUFX4,20,BUFX2
1397 20,BUFX4,20,BUFX2
1398 40
1399 20,BUFX2,20,BUFX2
1400 20,BUFX2,20,BUFX2
1401 20,BUFX4,20,BUFX2
1402 20,BUFX4,20,BUFX2
1403 20,BUFX4,20,BUFX2
1404 40
1405 20,BUFX2,20,BUFX2
1406 20,BUFX2,20,BUFX2
1407 20,BUFX4,20,BUFX2
1408 20,BUFX4,20,BUFX2
1409 20,BUFX4,20,BUFX2
1410 40
1411 20,BUFX2,20,BUFX2
1412 20,BUFX2,20,BUFX2
1413 20,BUFX4,20,BUFX2
1414 20,BUFX4,20,BUFX2
1415 20,BUFX4,20,BUFX2
1416 40
1417 20,BUFX2,20,BUFX2
1418 20,BUFX2,20,BUFX2
1419 20,BUFX4,20,BUFX2
1420 20,BUFX4,20,BUFX2
1421 20,BUFX4,20,BUFX2
1422 40
1423 20,BUFX2,20,BUFX2
1424 20,BUFX2,20,BUFX2
1425 20,BUFX4,20,BUFX2
1426 20,BUFX4,20,BUFX2
1427 20,BUFX4,20,BUFX2
1428 40
1429 20,BUFX2,20,BUFX2
1430 20,BUFX2,20,BUFX2
1431 20,BUFX4,20,BUFX2
1432 20,BUFX4,20,BUFX2
1433 20,BUFX4,20,BUFX2
1434 40
1435 20,BUFX2,20,BUFX2
1436 20,BUFX2,20,BUFX2
1437 20,BUFX4,20,BUFX2
1438 20,BUFX4,20,BUFX2
1439 20,BUFX4,20,BUFX2
1440 40
1441 20,BUFX2,20,BUFX2
1442 20,BUFX2,20,BUFX2
1443 20,BUFX4,20,BUFX2
1444 20,BUFX4,20,BUFX2
1445 20,BUFX4,20,BUFX2
1446 40
1447 20,BUFX2,20,BUFX2
1448 20,BUFX2,20,BUFX2
1449 20,BUFX4,20,BUFX2
1450 20,BUFX4,20,BUFX2
1451 20,BUFX4,20,BUFX2
1452 40
1453 20,BUFX2,20,BUFX2
1454 20,BUFX2,20,BUFX2
1455 20,BUFX4,20,BUFX2
1456 20,BUFX4,20,BUFX2
1457 20,BUFX4,20,BUFX2
1458 40
1459 20,BUFX2,20,BUFX2
1460 20,BUFX2,20,BUFX2
1461 20,BUFX4,20,BUFX2
1462 20,BUFX4,20,BUFX2
1463 20,BUFX4,20,BUFX2
1464 40
1465 20,BUFX2,20,BUFX2
1466 20,BUFX2,20,BUFX2
1467 20,BUFX4,20,BUFX2
1468 20,BUFX4,20,BUFX2
1469 20,BUFX4,20,BUFX2
1470 40
1471 20,BUFX2,20,BUFX2
1472 20,BUFX2,20,BUFX2
1473 20,BUFX4,20,BUFX2
1474 20,BUFX4,20,BUFX2
1475 20,BUFX4,20,BUFX2
1476 40
1477 20,BUFX2,20,BUFX2
1478 20,BUFX2,20,BUFX2
1479 20,BUFX4,20,BUFX2
1480 20,BUFX4,20,BUFX2
1481 20,BUFX4,20,BUFX2
1482 40
1483 20,BUFX2,20,BUFX2
1484 20,BUFX2,20,BUFX2
1485 20,BUFX4,20,BUFX2
1486 20,BUFX4,20,BUFX2
1487 20,BUFX4,20,BUFX2
1488 40
1489 20,BUFX2,20,BUFX2
1490 20,BUFX2,20,BUFX2
1491 20,BUFX4,20,BUFX2
1492 20,BUFX4,20,BUFX2
1493 20,BUFX4,20,BUFX2
1494 40
1495 20,BUFX2,20,BUFX2
1496 20,BUFX2,20,BUFX2
1497 20,BUFX4,20,BUFX2
1498 20,BUFX4,20,BUFX2
1499 20,BUFX4,20,BUFX2
1500 40
1501 20,BUFX2,20,BUFX2
1502 20,BUFX2,20,BUFX2
1503 20,BUFX4,20,BUFX2
1504 20,BUFX4,20,BUFX2
1505 20,BUFX4,20,BUFX2
1506 40
1507 20,BUFX2,20,BUFX2
1508 20,BUFX2,20,BUFX2
1509 20,BUFX4,20,BUFX2
1510 20,BUFX4,20,BUFX2
1511 20,BUFX4,20,BUFX2
1512 40
1513 20,BUFX2,20,BUFX2
1514 20,BUFX2,20,BUFX2
1515 20,BUFX4,20,BUFX2
1516 20,BUFX4,20,BUFX2
1517 20,BUFX4,20,BUFX2
1518 40
1519 20,BUFX2,20,BUFX2
1520 20,BUFX2,20,BUFX2
1521 20,BUFX4,20,BUFX2
1522 20,BUFX4,20,BUFX2
1523 20,BUFX4,20,BUFX2
1524 40
1525 20,BUFX2,20,BUFX2
1526 20,BUFX2,20,BUFX2
1527 20,BUFX4,20,BUFX2
1528 20,BUFX4,20,BUFX2
1529 20,BUFX4,20,BUFX2
1530 40
1531 20,BUFX2,20,BUFX2
1532 20,BUFX2,20,BUFX2
1533 20,BUFX4,20,BUFX2
1534 20,BUFX4,20,BUFX2
1535 20,BUFX4,20,BUFX2
1536 40
1537 20,BUFX2,20,BUFX2
1538 20,BUFX2,20,BUFX2
1539 20,BUFX4,20,BUFX2
1540 20,BUFX4,20,BUFX2
1541 20,BUFX4,20,BUFX2
1542 40
1543 20,BUFX2,20,BUFX2
1544 20,BUFX2,20,BUFX2
1545 20,BUFX4,20,BUFX2
1546 20,BUFX4,20,BUFX2
1547 20,BUFX4,20,BUFX2
1548 40
1549 20,BUFX2,20,BUFX2
1550 20,BUFX2,20,BUFX2
1551 20,BUFX4,20,BUFX2
1552 20,BUFX4,20,BUFX2
1553 20,BUFX4,20,BUFX2
1554 40
1555 40
1556 40
1557 40
1558 40
1559 40
1560 40
1561 40
1562 40
1563 40
1564 40
1565 40
1566 40
1567 40
1568 40
1569 40
1570 40
1571 40
1572 40
1573 40
1574 40
1575 40
1576 40
1577 40
1578 40
1579 40
1580 40
1581 40
1582 40
1583 40
1584 40
1585 40
1586 40
1587 40
1588 40
1589 40
1590 40
1591 40
1592 40
1593 40
1594 40
1595 40
1596 40
1597 40
1598 40
1599 40
1600 40
1601 40
1602 40
1603 40
1604 40
1605 40
1606 40
1607 40
1608 40
1609 40
1610 40
1611 40
1612 40
1613 40
1614 40
1615 40
1616 40
1617 40
1618 40
1619 40
1620 40
1621 40
1622 40
1623 40
1624 40
1625 40
1626 40
1627 40
1628 40
1629 40
1630 40
1631 40
1632 40
1633 40
1634 40
1635 40
1636 40
1637 40
1638 40
1639 40
1640 40
1641 40
1642 40
1643 40
1644 40
1645 40
1646 40
1647 40
1648 40
1649 40
1650 40
1651 40
1652 40
1653 40
1654 40
1655 40
1656 40
1657 40
1658 40
1659 40
1660 40
1661 40
1662 40
1663 40
1664 40
1665 40
1666 40
1667 40
1668 40
1669 40
1670 40
1671 40
1672 40
1673 40
1674 40
1675 40
1676 40
1677 40
1678 40
1679 40
1680 40
1681 40
1682 40
1683 40
1684 40
1685 40
1686 40
1687 40
1688 40
1689 40
1690 40
1691 40
1692 40
1693 40
1694 40
1695 40
1696 40
1697 40
1698 40
1699 40
1700 40
1701 40
1702 40
1703 40
1704 40
1705 40
1706 40
1707 40
1708 40
1709 40
1710 40
1711 40
1712 40
1713 40
1714 40
1715 40
1716 40
1717 40
1718 40
1719 40
1720 40
1721 40
1722 40
1723 40
1724 40
1725 40
1726 40
1727 40
1728 40
1729 40
1730 40
1731 40
1732 40
1733 40
1734 40
1735 40
1736 40
1737 40
1738 40
1739 40
1740 40
1741 40
1742 40
1743 40
1744 40
1745 40
1746 40
1747 40
1748 40
1749 40
1750 40
1751 40
1752 40
1753 40
1754 40
1755 40
1756 40
1757 40
1758 40
1759 40
1760 40
1761 40
1762 40
1763 40
1764 40
1765 40
1766 40
1767 40
1768 40
1769 40
1770 40
1771 40
1772 40
1773 40
1774 40
1775 40
1776 40
1777 40
1778 40
1779 40
1780 40
1781 40
1782 40
1783 40
1784 40
1785 40
1786 40
1787 40
1788 40
1789 40
1790 40
1791 40
1792 40
1793 60
1794 40,BUFX2,20,BUFX2
1795 20,BUFX2,40,BUFX4
1796 20,BUFX2,20,BUFX4,20,BUFX4
1797 40,BUFX4,20
1798 20,BUFX4,40,BUFX4
1799 20,BUFX4,20,BUFX4,20,BUFX4
1800 40,BUFX2,20,BUFX2
1801 20,BUFX2,40,BUFX4
1802 20,BUFX2,20,BUFX4,20,BUFX2
1803 40,BUFX4,20
1804 20,BUFX4,40,BUFX4
1805 20,BUFX4,20,BUFX4,20,BUFX4
1806 40,BUFX2,20,BUFX2
1807 20,BUFX2,40,BUFX4
1808 20,BUFX2,20,BUFX4,20,BUFX4
1809 60
1810 40,BUFX4,20
1811 20,BUFX4,40,BUFX4
1812 20,BUFX4,20,BUFX4,20,BUFX4
1813 40,BUFX2,20,BUFX2
1814 20,BUFX2,40,BUFX4
1815 20,BUFX2,20,BUFX4,20,BUFX4
1816 40,BUFX4,20
1817 20,BUFX4,40,BUFX4
1818 20,BUFX4,20,BUFX4,20,BUFX2
1819 40,BUFX2,20,BUFX2
1820 20,BUFX2,40,BUFX4
1821 20,BUFX2,20,BUFX4,20,BUFX4
1822 40,BUFX4,20
1823 20,BUFX4,40,BUFX4
1824 20,BUFX4,20,BUFX4,20,BUFX4
1825 60
1826 40,BUFX2,20,BUFX2
1827 20,BUFX2,40,BUFX4
1828 20,BUFX2,20,BUFX4,20,BUFX4
1829 40,BUFX4,20
1830 20,BUFX4,40,BUFX4
1831 20,BUFX4,20,BUFX4,20,BUFX4
1832 60
1833 40,BUFX2,20,BUFX2
1834 20,BUFX2,40,BUFX4
1835 20,BUFX2,20,BUFX4,20,BUFX4
1836 40,BUFX4,20
1837 20,BUFX4,40,BUFX4
1838 20,BUFX4,20,BUFX4,20,BUFX4
1839 60
1840 40,BUFX2,20,BUFX2
1841 20,BUFX2,40,BUFX4
1842 20,BUFX2,20,BUFX4,20,BUFX4
1843 40,BUFX4,20
1844 20,BUFX4,40,BUFX4
1845 20,BUFX4,20,BUFX4,20,BUFX4
1846 60
1847 40,BUFX2,20,BUFX2
1848 20,BUFX2,40,BUFX4
1849 20,BUFX2,20,BUFX4,20,BUFX4
1850 40,BUFX4,20
1851 20,BUFX4,40,BUFX4
1852 20,BUFX4,20,BUFX4,20,BUFX4
1853 60
1854 40,BUFX2,20,BUFX2
1855 20,BUFX2,40,BUFX4
1856 20,BUFX2,20,BUFX4,20,BUFX4
1857 40,BUFX4,20
1858 20,BUFX4,40,BUFX4
1859 20,BUFX4,20,BUFX4,20,BUFX4
1860 60
1861 40,BUFX2,20,BUFX2
1862 20,BUFX2,40,BUFX4
1863 20,BUFX2,20,BUFX4,20,BUFX4
1864 40,BUFX4,20
1865 20,BUFX4,40,BUFX4
1866 20,BUFX4,20,BUFX4,20,BUFX4
1867 60
1868 40,BUFX2,20,BUFX2
1869 20,BUFX2,40,BUFX4
1870 20,BUFX2,20,BUFX4,20,BUFX4
1871 40,BUFX4,20
1872 20,BUFX4,40,BUFX4
1873 20,BUFX4,20,BUFX4,20,BUFX4
1874 60
1875 40,BUFX2,20,BUFX2
1876 20,BUFX2,40,BUFX4
1877 20,BUFX2,20,BUFX4,20,BUFX4
1878 40,BUFX4,20
1879 20,BUFX4,40,BUFX4
1880 20,BUFX4,20,BUFX4,20,BUFX4
1881 60
1882 40,BUFX2,20,BUFX2
1883 20,BUFX2,40,BUFX4
1884 20,BUFX2,20,BUFX4,20,BUFX4
1885 40,BUFX4,20
1886 20,BUFX4,40,BUFX4
1887 20,BUFX4,20,BUFX4,20,BUFX4
1888 60
1889 40,BUFX2,20,BUFX2
1890 20,BUFX2,40,BUFX4
1891 20,BUFX2,20,BUFX4,20,BUFX4
1892 40,BUFX4,20
1893 20,BUFX4,40,BUFX4
1894 20,BUFX4,20,BUFX4,20,BUFX4
1895 60
1896 40,BUFX2,20,BUFX2
1897 20,BUFX2,40,BUFX4
1898 20,BUFX2,20,BUFX4,20,BUFX4
1899 40,BUFX4,20
1900 20,BUFX4,40,BUFX4
1901 20,BUFX4,20,BUFX4,20,BUFX4
1902 60
1903 40,BUFX2,20,BUFX2
1904 20,BUFX2,40,BUFX4
1905 20,BUFX2,20,BUFX4,20,BUFX4
1906 40,BUFX4,20
1907 20,BUFX4,40,BUFX4
1908 20,BUFX4,20,BUFX4,20,BUFX4
1909 60
1910 40,BUFX2,20,BUFX2
1911 20,BUFX2,40,BUFX4
1912 20,BUFX2,20,BUFX4,20,BUFX4
1913 40,BUFX4,20
1914 20,BUFX4,40,BUFX4
1915 20,BUFX4,20,BUFX4,20,BUFX4
1916 60
1917 40,BUFX2,20,BUFX2
1918 20,BUFX2,40,BUFX4
1919 20,BUFX2,20,BUFX4,20,BUFX4
1920 40,BUFX4,20
1921 20,BUFX4,40,BUFX4
1922 20,BUFX4,20,BUFX4,20,BUFX4
1923 60
1924 40,BUFX2,20,BUFX2
1925 20,BUFX2,40,BUFX4
1926 20,BUFX2,20,BUFX4,20,BUFX4
1927 40,BUFX4,20
1928 20,BUFX4,40,BUFX4
1929 20,BUFX4,20,BUFX4,20,BUFX4
1930 60
1931 40,BUFX2,20,BUFX2
1932 20,BUFX2,40,BUFX4
1933 20,BUFX2,20,BUFX4,20,BUFX4
1934 40,BUFX4,20
1935 20,BUFX4,40,BUFX4
1936 20,BUFX4,20,BUFX4,20,BUFX4
1937 60
1938 40,BUFX2,20,BUFX2
1939 20,BUFX2,40,BUFX4
1940 20,BUFX2,20,BUFX4,20,BUFX4
1941 40,BUFX4,20
1942 20,BUFX4,40,BUFX4
1943 20,BUFX4,20,BUFX4,20,BUFX4
1944 60
1945 40,BUFX2,20,BUFX2
1946 20,BUFX2,40,BUFX4
1947 20,BUFX2,20,BUFX4,20,BUFX4
1948 40,BUFX4,20
1949 20,BUFX4,40,BUFX4
1950 20,BUFX4,20,BUFX4,20,BUFX4
1951 60
1952 40,BUFX2,20,BUFX2
1953 20,BUFX2,40,BUFX4
1954 20,BUFX2,20,BUFX4,20,BUFX4
1955 40,BUFX4,20
1956 20,BUFX4,40,BUFX4
1957 20,BUFX4,20,BUFX4,20,BUFX4
1958 60
1959 40,BUFX2,20,BUFX2
1960 20,BUFX2,40,BUFX4
1961 20,BUFX2,20,BUFX4,20,BUFX4
1962 40,BUFX4,20
1963 20,BUFX4,40,BUFX4
1964 20,BUFX4,20,BUFX4,20,BUFX4
1965 60
1966 40,BUFX2,20,BUFX2
1967 20,BUFX2,40,BUFX4
1968 20,BUFX2,20,BUFX4,20,BUFX4
1969 40,BUFX4,20
1970 20,BUFX4,40,BUFX4
1971 20,BUFX4,20,BUFX4,20,BUFX4
1972 60
1973 40,BUFX2,20,BUFX2
1974 20,BUFX2,40,BUFX4
1975 20,BUFX2,20,BUFX4,20,BUFX4
1976 40,BUFX4,20
1977 20,BUFX4,40,BUFX4
1978 20,BUFX4,20,BUFX4,20,BUFX4
1979 60
1980 40,BUFX2,20,BUFX2
1981 20,BUFX2,40,BUFX4
1982 20,BUFX2,20,BUFX4,20,BUFX4
1983 40,BUFX4,20
1984 20,BUFX4,40,BUFX4
1985 20,BUFX4,20,BUFX4,20,BUFX4
1986 60
1987 40,BUFX2,20,BUFX2
1988 20,BUFX2,40,BUFX4
1989 20,BUFX2,20,BUFX4,20,BUFX4
1990 40,BUFX4,20
1991 20,BUFX4,40,BUFX4
1992 20,BUFX4,20,BUFX4,20,BUFX4
1993 60
1994 40,BUFX2,20,BUFX2
1995 20,BUFX2,40,BUFX4
1996 20,BUFX2,20,BUFX4,20,BUFX4
1997 40,BUFX4,20
1998 20,BUFX4,40,BUFX4
1999 20,BUFX4,20,BUFX4,20,BUFX4
2000 60
2001 40,BUFX2,20,BUFX2
2002 20,BUFX2,40,BUFX4
2003 20,BUFX2,20,BUFX4,20,BUFX4
2004 40,BUFX4,20
2005 20,BUFX4,40,BUFX4
2006 20,BUFX4,20,BUFX4,20,BUFX4
2007 60
2008 40,BUFX2,20,BUFX2
2009 20,BUFX2,40,BUFX4
2010 20,BUFX2,20,BUFX4,20,BUFX4
2011 40,BUFX4,20
2012 20,BUFX4,40,BUFX4
2013 20,BUFX4,20,BUFX4,20,BUFX4
2014 60
2015 40,BUFX2,20,BUFX2
2016 20,BUFX2,40,BUFX4
2017 20,BUFX2,20,BUFX4,20,BUFX4
2018 40,BUFX4,20
2019 20,BUFX4,40,BUFX4
2020 20,BUFX4,20,BUFX4,20,BUFX4
2021 60
2022 40,BUFX2,20,BUFX2
2023 20,BUFX2,40,BUFX4
2024 20,BUFX2,20,BUFX4,20,BUFX4
2025 40,BUFX4,20
2026 20,BUFX4,40,BUFX4
2027 20,BUFX4,20,BUFX4,20,BUFX4
2028 60
2029 60
2030 60,BUFX2
2031 40,BUFX2,20
2032 20,BUFX2,40
2033 60,BUFX4
2034 40,BUFX4,20
2035 20,BUFX4,40
2036 60,BUFX2
2037 40,BUFX2,20
2038 20,BUFX2,40
2039 60,BUFX4
2040 40,BUFX4,20
2041 20,BUFX4,40
2042 60,BUFX2
2043 40,BUFX2,20
2044 20,BUFX2,40
2045 60
2046 60,BUFX4
2047 40,BUFX4,20
2048 20,BUFX4,40
2049 60,BUFX2
2050 40,BUFX2,20
2051 20,BUFX2,40
2052 60,BUFX4
2053 40,BUFX4,20
2054 20,BUFX4,40
2055 60,BUFX2
2056 40,BUFX2,20
2057 20,BUFX2,40
2058 60,BUFX4
2059 40,BUFX4,20
2060 20,BUFX4,40
2061 60
2062 60,BUFX2
2063 40,BUFX2,20
2064 20,BUFX2,40
2065 60,BUFX4
2066 40,BUFX4,20
2067 20,BUFX4,40
2068 60
2069 60,BUFX2
2070 40,BUFX2,20
2071 20,BUFX2,40
2072 60,BUFX4
2073 40,BUFX4,20
2074 20,BUFX4,40
2075 60
2076 60,BUFX2
2077 40,BUFX2,20
2078 20,BUFX2,40
2079 60,BUFX4
2080 40,BUFX4,20
2081 20,BUFX4,40
2082 60
2083 60,BUFX2
2084 40,BUFX2,20
2085 20,BUFX2,40
2086 60,BUFX4
2087 40,BUFX4,20
2088 20,BUFX4,40
2089 60
2090 60,BUFX2
2091 40,BUFX2,20
2092 20,BUFX2,40
2093 60,BUFX4
2094 40,BUFX4,20
2095 20,BUFX4,40
2096 60
2097 60,BUFX2
2098 40,BUFX2,20
2099 20,BUFX2,40
2100 60,BUFX4
2101 40,BUFX4,20
2102 20,BUFX4,40
2103 60
2104 60,BUFX2
2105 40,BUFX2,20
2106 20,BUFX2,40
2107 60,BUFX4
2108 40,BUFX4,20
2109 20,BUFX4,40
2110 60
2111 60,BUFX2
2112 40,BUFX2,20
2113 20,BUFX2,40
2114 60,BUFX4
2115 40,BUFX4,20
2116 20,BUFX4,40
2117 60
2118 60,BUFX2
2119 40,BUFX2,20
2120 20,BUFX2,40
2121 60,BUFX4
2122 40,BUFX4,20
2123 20,BUFX4,40
2124 60
2125 60,BUFX2
2126 40,BUFX2,20
2127 20,BUFX2,40
2128 60,BUFX4
2129 40,BUFX4,20
2130 20,BUFX4,40
2131 60
2132 60,BUFX2
2133 40,BUFX2,20
2134 20,BUFX2,40
2135 60,BUFX4
2136 40,BUFX4,20
2137 20,BUFX4,40
2138 60
2139 60,BUFX2
2140 40,BUFX2,20
2141 20,BUFX2,40
2142 60,BUFX4
2143 40,BUFX4,20
2144 20,BUFX4,40
2145 60
2146 60,BUFX2
2147 40,BUFX2,20
2148 20,BUFX2,40
2149 60,BUFX4
2150 40,BUFX4,20
2151 20,BUFX4,40
2152 60
2153 60,BUFX2
2154 40,BUFX2,20
2155 20,BUFX2,40
2156 60,BUFX4
2157 40,BUFX4,20
2158 20,BUFX4,40
2159 60
2160 60,BUFX2
2161 40,BUFX2,20
2162 20,BUFX2,40
2163 60,BUFX4
2164 40,BUFX4,20
2165 20,BUFX4,40
2166 60
2167 60,BUFX2
2168 40,BUFX2,20
2169 20,BUFX2,40
2170 60,BUFX4
2171 40,BUFX4,20
2172 20,BUFX4,40
2173 60
2174 60,BUFX2
2175 40,BUFX2,20
2176 20,BUFX2,40
2177 60,BUFX4
2178 40,BUFX4,20
2179 20,BUFX4,40
2180 60
2181 60,BUFX2
2182 40,BUFX2,20
2183 20,BUFX2,40
2184 60,BUFX4
2185 40,BUFX4,20
2186 20,BUFX4,40
2187 60
2188 60,BUFX2
2189 40,BUFX2,20
2190 20,BUFX2,40
2191 60,BUFX4
2192 40,BUFX4,20
2193 20,BUFX4,40
2194 60
2195 60,BUFX2
2196 40,BUFX2,20
2197 20,BUFX2,40
2198 60,BUFX4
2199 40,BUFX4,20
2200 20,BUFX4,40
2201 60
2202 60,BUFX2
2203 40,BUFX2,20
2204 20,BUFX2,40
2205 60,BUFX4
2206 40,BUFX4,20
2207 20,BUFX4,40
2208 60
2209 60,BUFX2
2210 40,BUFX2,20
2211 20,BUFX2,40
2212 60,BUFX4
2213 40,BUFX4,20
2214 20,BUFX4,40
2215 60
2216 60,BUFX2
2217 40,BUFX2,20
2218 20,BUFX2,40
2219 60,BUFX4
2220 40,BUFX4,20
2221 20,BUFX4,40
2222 60
2223 60,BUFX2
2224 40,BUFX2,20
2225 20,BUFX2,40
2226 60,BUFX4
2227 40,BUFX4,20
2228 20,BUFX4,40
2229 60
2230 60,BUFX2
2231 40,BUFX2,20
2232 20,BUFX2,40
2233 60,BUFX4
2234 40,BUFX4,20
2235 20,BUFX4,40
2236 60
2237 60,BUFX2
2238 40,BUFX2,20
2239 20,BUFX2,40
2240 60,BUFX4
2241 40,BUFX4,20
2242 20,BUFX4,40
2243 60
2244 60,BUFX2
2245 40,BUFX2,20
2246 20,BUFX2,40
2247 60,BUFX4
2248 40,BUFX4,20
2249 20,BUFX4,40
2250 60
2251 60,BUFX2
2252 40,BUFX2,20
2253 20,BUFX2,40
2254 60,BUFX4
2255 40,BUFX4,20
2256 20,BUFX4,40
2257 60
2258 60,BUFX2
2259 40,BUFX2,20
2260 20,BUFX2,40
2261 60,BUFX4
2262 40,BUFX4,20
2263 20,BUFX4,40
2264 60
2265 60
2266 60
2267 60
2268 60
2269 60
2270 60
2271 60
2272 60
2273 60
2274 60
2275 60
2276 60
2277 60
2278 60
2279 60
2280 60
2281 60
2282 60
2283 60
2284 60
2285 60
2286 60
2287 60
2288 60
2289 60
2290 60
2291 60
2292 60
2293 60
2294 60
2295 60
2296 60
2297 60
2298 60
2299 60
2300 60
2301 60
2302 60
2303 60
2304 60
2305 60
2306 60
2307 60
2308 60
2309 60
2310 60
2311 60
2312 60
2313 60
2314 60
2315 60
2316 60
2317 60
2318 60
2319 60
2320 60
2321 60
2322 60
2323 60
2324 60
2325 60
2326 60
2327 60
2328 60
2329 60
2330 60
2331 60
2332 60
2333 60
2334 40,BUFX2,20,BUFX2
2335 20,BUFX2,20,BUFX2,20,BUFX2
2336 20,BUFX2,20,BUFX2,20,BUFX2
2337 40,BUFX4,20,BUFX2
2338 20,BUFX4,20,BUFX2,20,BUFX2
2339 20,BUFX4,20,BUFX2,20,BUFX2
2340 60
2341 40,BUFX2,20,BUFX2
2342 20,BUFX2,20,BUFX2,20,BUFX2
2343 40,BUFX4,20,BUFX2
2344 20,BUFX4,20,BUFX2,20,BUFX2
2345 20,BUFX4,20,BUFX2,20,BUFX2
2346 40,BUFX2,20,BUFX2
2347 20,BUFX2,20,BUFX2,20,BUFX2
2348 20,BUFX2,20,BUFX2,20,BUFX2
2349 60
2350 40,BUFX4,20,BUFX2
2351 20,BUFX4,20,BUFX2,20,BUFX2
2352 20,BUFX4,20,BUFX2,20,BUFX2
2353 40,BUFX2,20,BUFX2
2354 20,BUFX2,20,BUFX2,20,BUFX2
2355 20,BUFX2,20,BUFX2,20,BUFX2
2356 40,BUFX4,20,BUFX2
2357 40,BUFX4,20,BUFX2
2358 20,BUFX4,20,BUFX2,20,BUFX2
2359 40,BUFX2,20,BUFX2
2360 20,BUFX2,20,BUFX2,20,BUFX2
2361 20,BUFX2,20,BUFX2,20,BUFX2
2362 40,BUFX4,20,BUFX2
2363 20,BUFX4,20,BUFX2,20,BUFX2
2364 20,BUFX4,20,BUFX2,20,BUFX2
2365 60
2366 40,BUFX2,20,BUFX2
2367 20,BUFX2,20,BUFX2,20,BUFX2
2368 20,BUFX2,20,BUFX2,20,BUFX2
2369 40,BUFX4,20,BUFX2
2370 20,BUFX4,20,BUFX2,20,BUFX2
2371 20,BUFX4,20,BUFX2,20,BUFX2
2372 60
2373 40,BUFX2,20,BUFX2
2374 20,BUFX2,20,BUFX2,20,BUFX2
2375 20,BUFX2,20,BUFX2,20,BUFX2
2376 40,BUFX4,20,BUFX2
2377 20,BUFX4,20,BUFX2,20,BUFX2
2378 20,BUFX4,20,BUFX2,20,BUFX2
2379 60
2380 40,BUFX2,20,BUFX2
2381 20,BUFX2,20,BUFX2,20,BUFX2
2382 20,BUFX2,20,BUFX2,20,BUFX2
2383 40,BUFX4,20,BUFX2
2384 20,BUFX4,20,BUFX2,20,BUFX2
2385 20,BUFX4,20,BUFX2,20,BUFX2
2386 60
2387 40,BUFX2,20,BUFX2
2388 20,BUFX2,20,BUFX2,20,BUFX2
2389 20,BUFX2,20,BUFX2,20,BUFX2
2390 40,BUFX4,20,BUFX2
2391 20,BUFX4,20,BUFX2,20,BUFX2
2392 20,BUFX4,20,BUFX2,20,BUFX2
2393 60
2394 40,BUFX2,20,BUFX2
2395 20,BUFX2,20,BUFX2,20,BUFX2
2396 20,BUFX2,20,BUFX2,20,BUFX2
2397 40,BUFX4,20,BUFX2
2398 20,BUFX4,20,BUFX2,20,BUFX2
2399 20,BUFX4,20,BUFX2,20,BUFX2
2400 60
2401 40,BUFX2,20,BUFX2
2402 20,BUFX2,20,BUFX2,20,BUFX2
2403 20,BUFX2,20,BUFX2,20,BUFX2
2404 40,BUFX4,20,BUFX2
2405 20,BUFX4,20,BUFX2,20,BUFX2
2406 20,BUFX4,20,BUFX2,20,BUFX2
2407 60
2408 40,BUFX2,20,BUFX2
2409 20,BUFX2,20,BUFX2,20,BUFX2
2410 20,BUFX2,20,BUFX2,20,BUFX2
2411 40,BUFX4,20,BUFX2
2412 20,BUFX4,20,BUFX2,20,BUFX2
2413 20,BUFX4,20,BUFX2,20,BUFX2
2414 60
2415 40,BUFX2,20,BUFX2
2416 20,BUFX2,20,BUFX2,20,BUFX2
2417 20,BUFX2,20,BUFX2,20,BUFX2
2418 40,BUFX4,20,BUFX2
2419 20,BUFX4,20,BUFX2,20,BUFX2
2420 20,BUFX4,20,BUFX2,20,BUFX2
2421 60
2422 40,BUFX2,20,BUFX2
2423 20,BUFX2,20,BUFX2,20,BUFX2
2424 20,BUFX2,20,BUFX2,20,BUFX2
2425 40,BUFX4,20,BUFX2
2426 20,BUFX4,20,BUFX2,20,BUFX2
2427 20,BUFX4,20,BUFX2,20,BUFX2
2428 60
2429 40,BUFX2,20,BUFX2
2430 20,BUFX2,20,BUFX2,20,BUFX2
2431 20,BUFX2,20,BUFX2,20,BUFX2
2432 40,BUFX4,20,BUFX2
2433 20,BUFX4,20,BUFX2,20,BUFX2
2434 20,BUFX4,20,BUFX2,20,BUFX2
2435 60
2436 40,BUFX2,20,BUFX2
2437 20,BUFX2,20,BUFX2,20,BUFX2
2438 20,BUFX2,20,BUFX2,20,BUFX2
2439 40,BUFX4,20,BUFX2
2440 20,BUFX4,20,BUFX2,20,BUFX2
2441 20,BUFX4,20,BUFX2,20,BUFX2
2442 60
2443 40,BUFX2,20,BUFX2
2444 20,BUFX2,20,BUFX2,20,BUFX2
2445 20,BUFX2,20,BUFX2,20,BUFX2
2446 40,BUFX4,20,BUFX2
2447 20,BUFX4,20,BUFX2,20,BUFX2
2448 20,BUFX4,20,BUFX2,20,BUFX2
2449 60
2450 40,BUFX2,20,BUFX2
2451 20,BUFX2,20,BUFX2,20,BUFX2
2452 20,BUFX2,20,BUFX2,20,BUFX2
2453 40,BUFX4,20,BUFX2
2454 20,BUFX4,20,BUFX2,20,BUFX2
2455 20,BUFX4,20,BUFX2,20,BUFX2
2456 60
2457 40,BUFX2,20,BUFX2
2458 20,BUFX2,20,BUFX2,20,BUFX2
2459 20,BUFX2,20,BUFX2,20,BUFX2
2460 40,BUFX4,20,BUFX2
2461 20,BUFX4,20,BUFX2,20,BUFX2
2462 20,BUFX4,20,BUFX2,20,BUFX2
2463 60
2464 40,BUFX2,20,BUFX2
2465 20,BUFX2,20,BUFX2,20,BUFX2
2466 20,BUFX2,20,BUFX2,20,BUFX2
2467 40,BUFX4,20,BUFX2
2468 20,BUFX4,20,BUFX2,20,BUFX2
2469 20,BUFX4,20,BUFX2,20,BUFX2
2470 60
2471 40,BUFX2,20,BUFX2
2472 20,BUFX2,20,BUFX2,20,BUFX2
2473 20,BUFX2,20,BUFX2,20,BUFX2
2474 40,BUFX4,20,BUFX2
2475 20,BUFX4,20,BUFX2,20,BUFX2
2476 20,BUFX4,20,BUFX2,20,BUFX2
2477 60
2478 40,BUFX2,20,BUFX2
2479 20,BUFX2,20,BUFX2,20,BUFX2
2480 20,BUFX2,20,BUFX2,20,BUFX2
2481 40,BUFX4,20,BUFX2
2482 20,BUFX4,20,BUFX2,20,BUFX2
2483 20,BUFX4,20,BUFX2,20,BUFX2
2484 60
2485 40,BUFX2,20,BUFX2
2486 20,BUFX2,20,BUFX2,20,BUFX2
2487 20,BUFX2,20,BUFX2,20,BUFX2
2488 40,BUFX4,20,BUFX2
2489 20,BUFX4,20,BUFX2,20,BUFX2
2490 20,BUFX4,20,BUFX2,20,BUFX2
2491 60
2492 40,BUFX2,20,BUFX2
2493 20,BUFX2,20,BUFX2,20,BUFX2
2494 20,BUFX2,20,BUFX2,20,BUFX2
2495 40,BUFX4,20,BUFX2
2496 20,BUFX4,20,BUFX2,20,BUFX2
2497 20,BUFX4,20,BUFX2,20,BUFX2
2498 60
2499 40,BUFX2,20,BUFX2
2500 20,BUFX2,20,BUFX2,20,BUFX2
2501 20,BUFX2,20,BUFX2,20,BUFX2
2502 40,BUFX4,20,BUFX2
2503 20,BUFX4,20,BUFX2,20,BUFX2
2504 20,BUFX4,20,BUFX2,20,BUFX2
2505 60
2506 40,BUFX2,20,BUFX2
2507 20,BUFX2,20,BUFX2,20,BUFX2
2508 20,BUFX2,20,BUFX2,20,BUFX2
2509 40,BUFX4,20,BUFX2
2510 20,BUFX4,20,BUFX2,20,BUFX2
2511 20,BUFX4,20,BUFX2,20,BUFX2
2512 60
2513 40,BUFX2,20,BUFX2
2514 20,BUFX2,20,BUFX2,20,BUFX2
2515 20,BUFX2,20,BUFX2,20,BUFX2
2516 40,BUFX4,20,BUFX2
2517 20,BUFX4,20,BUFX2,20,BUFX2
2518 20,BUFX4,20,BUFX2,20,BUFX2
2519 60
2520 40,BUFX2,20,BUFX2
2521 20,BUFX2,20,BUFX2,20,BUFX2
2522 20,BUFX2,20,BUFX2,20,BUFX2
2523 40,BUFX4,20,BUFX2
2524 20,BUFX4,20,BUFX2,20,BUFX2
2525 20,BUFX4,20,BUFX2,20,BUFX2
2526 60
2527 40,BUFX2,20,BUFX2
2528 20,BUFX2,20,BUFX2,20,BUFX2
2529 20,BUFX2,20,BUFX2,20,BUFX2
2530 40,BUFX4,20,BUFX2
2531 20,BUFX4,20,BUFX2,20,BUFX2
2532 20,BUFX4,20,BUFX2,20,BUFX2
2533 60
2534 40,BUFX2,20,BUFX2
2535 20,BUFX2,20,BUFX2,20,BUFX2
2536 20,BUFX2,20,BUFX2,20,BUFX2
2537 40,BUFX4,20,BUFX2
2538 20,BUFX4,20,BUFX2,20,BUFX2
2539 20,BUFX4,20,BUFX2,20,BUFX2
2540 60
2541 40,BUFX2,20,BUFX2
2542 20,BUFX2,20,BUFX2,20,BUFX2
2543 20,BUFX2,20,BUFX2,20,BUFX2
2544 40,BUFX4,20,BUFX2
2545 20,BUFX4,20,BUFX2,20,BUFX2
2546 20,BUFX4,20,BUFX2,20,BUFX2
2547 60
2548 40,BUFX2,20,BUFX2
2549 20,BUFX2,20,BUFX2,20,BUFX2
2550 20,BUFX2,20,BUFX2,20,BUFX2
2551 40,BUFX4,20,BUFX2
2552 20,BUFX4,20,BUFX2,20,BUFX2
2553 20,BUFX4,20,BUFX2,20,BUFX2
2554 60
2555 40,BUFX2,20,BUFX2
2556 20,BUFX2,20,BUFX2,20,BUFX2
2557 20,BUFX2,20,BUFX2,20,BUFX2
2558 40,BUFX4,20,BUFX2
2559 20,BUFX4,20,BUFX2,20,BUFX2
2560 20,BUFX4,20,BUFX2,20,BUFX2
2561 60
2562 40,BUFX2,20,BUFX2
2563 20,BUFX2,20,BUFX2,20,BUFX2
2564 20,BUFX2,20,BUFX2,20,BUFX2
2565 40,BUFX4,20,BUFX2
2566 20,BUFX4,20,BUFX2,20,BUFX2
2567 20,BUFX4,20,BUFX2,20,BUFX2
2568 60
2569 60
2570 60
2571 60
2572 60
2573 60
2574 60
2575 60
2576 60
2577 60
2578 60
2579 60
2580 60
2581 60
2582 60
2583 60
2584 60
2585 60
2586 60
2587 60
2588 60
2589 60
2590 60
2591 60
2592 60
2593 60
2594 60
2595 60
2596 60
2597 60
2598 60
2599 60
2600 60
2601 60
2602 60
2603 60
2604 60
2605 60
2606 60
2607 60
2608 60
2609 60
2610 60
2611 60
2612 60
2613 60
2614 60
2615 60
2616 60
2617 60
2618 60
2619 60
2620 60
2621 60
2622 60
2623 60
2624 60
2625 60
2626 60
2627 60
2628 60
2629 60
2630 60
2631 60
2632 60
2633 60
2634 60
2635 60
2636 60
2637 60
2638 60
2639 60
2640 60
2641 60
2642 60
2643 60
2644 60
2645 60
2646 60
2647 60
2648 60
2649 60
2650 60
2651 60
2652 60
2653 60
2654 60
2655 60
2656 60
2657 60
2658 60
2659 60
2660 60
2661 60
2662 60
2663 60
2664 60
2665 60
2666 60
2667 60
2668 60
2669 60
2670 60
2671 60
2672 60
2673 60
2674 60
2675 60
2676 60
2677 60
2678 60
2679 60
2680 60
2681 60
2682 60
2683 60
2684 60
2685 60
2686 60
2687 60
2688 60
2689 60
2690 60
2691 60
2692 60
2693 60
2694 60
2695 60
2696 60
2697 60
2698 60
2699 60
2700 60
2701 60
2702 60
2703 60
2704 60
2705 60
2706 60
2707 60
2708 60
2709 60
2710 60
2711 60
2712 60
2713 60
2714 60
2715 60
2716 60
2717 60
2718 60
2719 60
2720 60
2721 60
2722 60
2723 60
2724 60
2725 60
2726 60
2727 60
2728 60
2729 60
2730 60
2731 60
2732 60
2733 60
2734 60
2735 60
2736 60
2737 60
2738 60
2739 60
2740 60
2741 60
2742 60
2743 60
2744 60
2745 60
2746 60
2747 60
2748 60
2749 60
2750 60
2751 60
2752 60
2753 60
2754 60
2755 60
2756 60
2757 60
2758 60
2759 60
2760 60
2761 60
2762 60
2763 60
2764 60
2765 60
2766 60
2767 60
2768 60
2769 60
2770 60
2771 60
2772 60
2773 60
2774 60
2775 60
2776 60
2777 60
2778 60
2779 60
2780 60
2781 60
2782 60
2783 60
2784 60
2785 60
2786 60
2787 60
2788 60
2789 60
2790 60
2791 60
2792 60
2793 60
2794 60
2795 60
2796 60
2797 60
2798 60
2799 60
2800 60
2801 60
2802 60
2803 60
2804 60
2805 60
2806 60
2807 20,BUFX2,20,BUFX2,20,BUFX4
2808 20,BUFX2,20,BUFX2,20,BUFX4
2809 20,BUFX4,20,BUFX2,20,BUFX4
2810 20,BUFX4,20,BUFX2,20,BUFX4
2811 20,BUFX4,20,BUFX2,20,BUFX4
2812 20,BUFX2,20,BUFX2,20,BUFX4
2813 20,BUFX2,20,BUFX2,20,BUFX4
2814 20,BUFX4,20,BUFX2,20,BUFX4
2815 20,BUFX4,20,BUFX2,20,BUFX4
2816 20,BUFX4,20,BUFX2,20,BUFX4
2817 20,BUFX2,20,BUFX2,20,BUFX4
2818 20,BUFX2,20,BUFX2,20,BUFX4
2819 20,BUFX4,20,BUFX2,20,BUFX4
2820 20,BUFX4,20,BUFX2,20,BUFX4
2821 20,BUFX4,20,BUFX2,20,BUFX4
2822 20,BUFX2,20,BUFX2,20,BUFX4
2823 20,BUFX2,20,BUFX2,20,BUFX4
2824 20,BUFX4,20,BUFX2,20,BUFX4
2825 20,BUFX4,20,BUFX2,20,BUFX4
2826 20,BUFX4,20,BUFX2,20,BUFX4
2827 20,BUFX2,20,BUFX2,20,BUFX4
2828 20,BUFX2,20,BUFX2,20,BUFX4
2829 20,BUFX4,20,BUFX2,20,BUFX4
2830 20,BUFX4,20,BUFX2,20,BUFX4
2831 20,BUFX4,20,BUFX2,20,BUFX4
2832 20,BUFX2,20,BUFX2,20,BUFX4
2833 20,BUFX2,20,BUFX2,20,BUFX4
2834 20,BUFX4,20,BUFX2,20,BUFX4
2835 20,BUFX4,20,BUFX2,20,BUFX4
2836 20,BUFX4,20,BUFX2,20,BUFX4
2837 20,BUFX2,20,BUFX2,20,BUFX4
2838 20,BUFX2,20,BUFX2,20,BUFX4
2839 20,BUFX4,20,BUFX2,20,BUFX4
2840 20,BUFX4,20,BUFX2,20,BUFX4
2841 20,BUFX4,20,BUFX2,20,BUFX4
2842 20,BUFX2,20,BUFX2,20,BUFX4
2843 20,BUFX2,20,BUFX2,20,BUFX4
2844 20,BUFX4,20,BUFX2,20,BUFX4
2845 20,BUFX4,20,BUFX2,20,BUFX4
2846 20,BUFX4,20,BUFX2,20,BUFX4
2847 20,BUFX2,20,BUFX2,20,BUFX4
2848 20,BUFX2,20,BUFX2,20,BUFX4
2849 20,BUFX4,20,BUFX2,20,BUFX4
2850 20,BUFX4,20,BUFX2,20,BUFX4
2851 20,BUFX4,20,BUFX2,20,BUFX4
2852 20,BUFX2,20,BUFX2,20,BUFX4
2853 20,BUFX2,20,BUFX2,20,BUFX4
2854 20,BUFX4,20,BUFX2,20,BUFX4
2855 20,BUFX4,20,BUFX2,20,BUFX4
2856 20,BUFX4,20,BUFX2,20,BUFX4
2857 20,BUFX2,20,BUFX2,20,BUFX4
2858 20,BUFX2,20,BUFX2,20,BUFX4
2859 20,BUFX4,20,BUFX2,20,BUFX4
2860 20,BUFX4,20,BUFX2,20,BUFX4
2861 20,BUFX4,20,BUFX2,20,BUFX4
2862 20,BUFX2,20,BUFX2,20,BUFX4
2863 20,BUFX2,20,BUFX2,20,BUFX4
2864 20,BUFX4,20,BUFX2,20,BUFX4
2865 20,BUFX4,20,BUFX2,20,BUFX4
2866 20,BUFX4,20,BUFX2,20,BUFX4
2867 20,BUFX2,20,BUFX2,20,BUFX4
2868 20,BUFX2,20,BUFX2,20,BUFX4
2869 20,BUFX4,20,BUFX2,20,BUFX4
2870 20,BUFX4,20,BUFX2,20,BUFX4
2871 20,BUFX4,20,BUFX2,20,BUFX4
2872 20,BUFX2,20,BUFX2,20,BUFX4
2873 20,BUFX2,20,BUFX2,20,BUFX4
2874 20,BUFX4,20,BUFX2,20,BUFX4
2875 20,BUFX4,20,BUFX2,20,BUFX4
2876 20,BUFX4,20,BUFX2,20,BUFX4
2877 20,BUFX2,20,BUFX2,20,BUFX4
2878 20,BUFX2,20,BUFX2,20,BUFX4
2879 20,BUFX4,20,BUFX2,20,BUFX4
2880 20,BUFX4,20,BUFX2,20,BUFX4
2881 20,BUFX4,20,BUFX2,20,BUFX4
2882 20,BUFX2,20,BUFX2,20,BUFX4
2883 20,BUFX2,20,BUFX2,20,BUFX4
2884 20,BUFX4,20,BUFX2,20,BUFX4
2885 20,BUFX4,20,BUFX2,20,BUFX4
2886 20,BUFX4,20,BUFX2,20,BUFX4
2887 20,BUFX2,20,BUFX2,20,BUFX4
2888 20,BUFX2,20,BUFX2,20,BUFX4
2889 20,BUFX4,20,BUFX2,20,BUFX4
2890 20,BUFX4,20,BUFX2,20,BUFX4
2891 20,BUFX4,20,BUFX2,20,BUFX4
2892 20,BUFX2,20,BUFX2,20,BUFX4
2893 20,BUFX2,20,BUFX2,20,BUFX4
2894 20,BUFX4,20,BUFX2,20,BUFX4
2895 20,BUFX4,20,BUFX2,20,BUFX4
2896 20,BUFX4,20,BUFX2,20,BUFX4
2897 20,BUFX2,20,BUFX2,20,BUFX4
2898 20,BUFX2,20,BUFX2,20,BUFX4
2899 20,BUFX4,20,BUFX2,20,BUFX4
2900 20,BUFX4,20,BUFX2,20,BUFX4
2901 20,BUFX4,20,BUFX2,20,BUFX4
2902 20,BUFX2,20,BUFX2,20,BUFX4
2903 20,BUFX2,20,BUFX2,20,BUFX4
2904 20,BUFX4,20,BUFX2,20,BUFX4
2905 20,BUFX4,20,BUFX2,20,BUFX4
2906 20,BUFX4,20,BUFX2,20,BUFX4
2907 20,BUFX2,20,BUFX2,20,BUFX4
2908 20,BUFX2,20,BUFX2,20,BUFX4
2909 20,BUFX4,20,BUFX2,20,BUFX4
2910 20,BUFX4,20,BUFX2,20,BUFX4
2911 20,BUFX4,20,BUFX2,20,BUFX4
2912 20,BUFX2,20,BUFX2,20,BUFX4
2913 20,BUFX2,20,BUFX2,20,BUFX4
2914 20,BUFX4,20,BUFX2,20,BUFX4
2915 20,BUFX4,20,BUFX2,20,BUFX4
2916 20,BUFX4,20,BUFX2,20,BUFX4
2917 20,BUFX2,20,BUFX2,20,BUFX4
2918 20,BUFX2,20,BUFX2,20,BUFX4
2919 20,BUFX4,20,BUFX2,20,BUFX4
2920 20,BUFX4,20,BUFX2,20,BUFX4
2921 20,BUFX4,20,BUFX2,20,BUFX4
2922 20,BUFX2,20,BUFX2,20,BUFX4
2923 20,BUFX2,20,BUFX2,20,BUFX4
2924 20,BUFX4,20,BUFX2,20,BUFX4
2925 20,BUFX4,20,BUFX2,20,BUFX4
2926 20,BUFX4,20,BUFX2,20,BUFX4
2927 20,BUFX2,20,BUFX2,20,BUFX4
2928 20,BUFX2,20,BUFX2,20,BUFX4
2929 20,BUFX4,20,BUFX2,20,BUFX4
2930 20,BUFX4,20,BUFX2,20,BUFX4
2931 20,BUFX4,20,BUFX2,20,BUFX4
2932 20,BUFX2,20,BUFX2,20,BUFX4
2933 20,BUFX2,20,BUFX2,20,BUFX4
2934 20,BUFX4,20,BUFX2,20,BUFX4
2935 20,BUFX4,20,BUFX2,20,BUFX4
2936 20,BUFX4,20,BUFX2,20,BUFX4
2937 20,BUFX2,20,BUFX2,20,BUFX4
2938 20,BUFX2,20,BUFX2,20,BUFX4
2939 20,BUFX4,20,BUFX2,20,BUFX4
2940 20,BUFX4,20,BUFX2,20,BUFX4
2941 20,BUFX4,20,BUFX2,20,BUFX4
2942 20,BUFX2,20,BUFX2,20,BUFX4
2943 20,BUFX2,20,BUFX2,20,BUFX4
2944 20,BUFX4,20,BUFX2,20,BUFX4
2945 20,BUFX4,20,BUFX2,20,BUFX4
2946 20,BUFX4,20,BUFX2,20,BUFX4
2947 20,BUFX2,20,BUFX2,20,BUFX4
2948 20,BUFX2,20,BUFX2,20,BUFX4
2949 20,BUFX4,20,BUFX2,20,BUFX4
2950 20,BUFX4,20,BUFX2,20,BUFX4
2951 20,BUFX4,20,BUFX2,20,BUFX4
2952 20,BUFX2,20,BUFX2,20,BUFX4
2953 20,BUFX2,20,BUFX2,20,BUFX4
2954 20,BUFX4,20,BUFX2,20,BUFX4
2955 20,BUFX4,20,BUFX2,20,BUFX4
2956 20,BUFX4,20,BUFX2,20,BUFX4
2957 20,BUFX2,20,BUFX2,20,BUFX4
2958 20,BUFX2,20,BUFX2,20,BUFX4
2959 20,BUFX4,20,BUFX2,20,BUFX4
2960 20,BUFX4,20,BUFX2,20,BUFX4
2961 20,BUFX4,20,BUFX2,20,BUFX4
2962 20,BUFX2,20,BUFX2,20,BUFX4
2963 20,BUFX2,20,BUFX2,20,BUFX4
2964 20,BUFX4,20,BUFX2,20,BUFX4
2965 20,BUFX4,20,BUFX2,20,BUFX4
2966 20,BUFX4,20,BUFX2,20,BUFX4
2967 20,BUFX2,20,BUFX2,20,BUFX4
2968 20,BUFX2,20,BUFX2,20,BUFX4
2969 20,BUFX4,20,BUFX2,20,BUFX4
2970 20,BUFX4,20,BUFX2,20,BUFX4
2971 20,BUFX4,20,BUFX2,20,BUFX4
2972 20,BUFX2,20,BUFX2,20,BUFX4
2973 20,BUFX2,20,BUFX2,20,BUFX4
2974 20,BUFX4,20,BUFX2,20,BUFX4
2975 20,BUFX4,20,BUFX2,20,BUFX4
2976 20,BUFX4,20,BUFX2,20,BUFX4
2977 80
2978 40,BUFX2,40
2979 20,BUFX2,20,BUFX2,40,BUFX2
2980 20,BUFX2,20,BUFX2,20,BUFX4,20,BUFX4
2981 40,BUFX4,40
2982 20,BUFX4,40,BUFX2,20,BUFX2
2983 20,BUFX4,20,BUFX4,20,BUFX2,20,BUFX2
2984 40,BUFX2,40
2985 20,BUFX2,20,BUFX2,40,BUFX2
2986 20,BUFX2,20,BUFX2,20,BUFX4,20,BUFX4
2987 40,BUFX4,40
2988 20,BUFX4,40,BUFX2,20,BUFX2
2989 20,BUFX4,20,BUFX4,20,BUFX2,20,BUFX2
2990 40,BUFX2,40
2991 20,BUFX2,20,BUFX2,40,BUFX2
2992 20,BUFX2,20,BUFX2,20,BUFX4,20,BUFX4
2993 80
2994 40,BUFX4,40
2995 20,BUFX4,40,BUFX2,20,BUFX2
2996 20,BUFX4,20,BUFX4,20,BUFX2,20,BUFX2
2997 40,BUFX2,40
2998 20,BUFX2,20,BUFX2,40,BUFX2
2999 20,BUFX2,20,BUFX2,20,BUFX4,20,BUFX4
3000 40,BUFX4,40
3001 20,BUFX4,40,BUFX2,20,BUFX2
3002 20,BUFX4,20,BUFX4,20,BUFX2,20,BUFX2
3003 40,BUFX2,40
3004 20,BUFX2,20,BUFX2,40,BUFX2
3005 20,BUFX2,20,BUFX4,20,BUFX2,20,BUFX4
3006 40,BUFX4,40
3007 20,BUFX4,40,BUFX2,20,BUFX4
3008 20,BUFX4,20,BUFX4,20,BUFX2,20,BUFX2
3009 80
3010 40,BUFX2,40
3011 20,BUFX2,20,BUFX2,40,BUFX2
3012 20,BUFX2,20,BUFX2,20,BUFX4,20,BUFX4
3013 40,BUFX4,40
3014 20,BUFX4,40,BUFX2,20,BUFX4
3015 20,BUFX4,20,BUFX4,20,BUFX2,20,BUFX2
3016 80
3017 40,BUFX2,40
3018 20,BUFX2,20,BUFX2,40,BUFX2
3019 20,BUFX2,20,BUFX2,20,BUFX4,20,BUFX4
3020 40,BUFX4,40
3021 20,BUFX4,40,BUFX2,20,BUFX4
3022 20,BUFX4,20,BUFX4,20,BUFX2,20,BUFX2
3023 80
3024 40,BUFX2,40
3025 20,BUFX2,20,BUFX2,40,BUFX2
3026 20,BUFX2,20,BUFX2,20,BUFX4,20,BUFX4
3027 40,BUFX4,40
3028 20,BUFX4,40,BUFX2,20,BUFX4
3029 20,BUFX4,20,BUFX4,20,BUFX2,20,BUFX2
3030 80
3031 40,BUFX2,40
3032 20,BUFX2,20,BUFX2,40,BUFX2
3033 20,BUFX2,20,BUFX2,20,BUFX4,20,BUFX4
3034 40,BUFX4,40
3035 20,BUFX4,40,BUFX2,20,BUFX4
3036 20,BUFX4,20,BUFX4,20,BUFX2,20,BUFX2
3037 80
3038 40,BUFX2,40
3039 20,BUFX2,20,BUFX2,40,BUFX2
3040 20,BUFX2,20,BUFX2,20,BUFX4,20,BUFX4
3041 40,BUFX4,40
3042 20,BUFX4,40,BUFX2,20,BUFX4
3043 20,BUFX4,20,BUFX4,20,BUFX2,20,BUFX2
3044 80
3045 40,BUFX2,40
3046 20,BUFX2,20,BUFX2,40,BUFX2
3047 20,BUFX2,20,BUFX2,20,BUFX4,20,BUFX4
3048 40,BUFX4,40
3049 20,BUFX4,40,BUFX2,20,BUFX4
3050 40,BUFX4,40,BUFX2
3051 80
3052 40,BUFX2,40
3053 20,BUFX2,20,BUFX2,40,BUFX2
3054 20,BUFX2,20,BUFX2,20,BUFX4,20,BUFX4
3055 40,BUFX4,40
3056 20,BUFX4,40,BUFX2,20,BUFX4
3057 40,BUFX4,40,BUFX2
3058 80
3059 40,BUFX2,40
3060 20,BUFX2,20,BUFX2,40,BUFX2
3061 20,BUFX2,20,BUFX2,20,BUFX4,20,BUFX4
3062 40,BUFX4,40
3063 20,BUFX4,40,BUFX2,20,BUFX4
3064 40,BUFX4,40,BUFX2
3065 80
3066 40,BUFX2,40
3067 20,BUFX2,20,BUFX2,40,BUFX2
3068 20,BUFX2,20,BUFX4,20,BUFX2,20,BUFX4
3069 40,BUFX4,40
3070 20,BUFX4,40,BUFX2,20,BUFX2
3071 40,BUFX4,40,BUFX2
3072 80
3073 40,BUFX2,40
3074 20,BUFX2,20,BUFX2,40,BUFX2
3075 20,BUFX2,20,BUFX4,20,BUFX2,20,BUFX4
3076 40,BUFX4,40
3077 20,BUFX4,40,BUFX2,20,BUFX2
3078 20,BUFX4,40,BUFX2,20,BUFX4
3079 80
3080 40,BUFX2,40
3081 20,BUFX2,40,BUFX4,20
3082 20,BUFX2,20,BUFX2,20,BUFX4,20,BUFX4
3083 40,BUFX4,40
3084 20,BUFX4,40,BUFX2,20,BUFX2
3085 20,BUFX4,40,BUFX2,20,BUFX4
3086 80
3087 40,BUFX2,40
3088 20,BUFX2,20,BUFX2,40,BUFX2
3089 20,BUFX2,20,BUFX2,20,BUFX4,20,BUFX4
3090 40,BUFX4,40
3091 20,BUFX4,40,BUFX2,20,BUFX2
3092 20,BUFX4,40,BUFX2,20,BUFX4
3093 80
3094 40,BUFX2,40
3095 20,BUFX2,20,BUFX2,40,BUFX2
3096 20,BUFX2,20,BUFX4,20,BUFX2,20,BUFX4
3097 40,BUFX4,40
3098 20,BUFX4,40,BUFX2,20,BUFX4
3099 40,BUFX4,40,BUFX2
3100 80
3101 40,BUFX2,40
3102 20,BUFX2,20,BUFX2,40,BUFX2
3103 20,BUFX2,20,BUFX4,20,BUFX2,20,BUFX4
3104 40,BUFX4,40
3105 20,BUFX4,40,BUFX2,20,BUFX4
3106 40,BUFX4,40,BUFX2
3107 80
3108 40,BUFX2,40
3109 20,BUFX2,20,BUFX2,40,BUFX2
3110 20,BUFX2,20,BUFX4,20,BUFX2,20,BUFX4
3111 40,BUFX4,40
3112 20,BUFX4,40,BUFX2,20,BUFX2
3113 40,BUFX4,40,BUFX2
3114 80
3115 40,BUFX2,40
3116 20,BUFX2,20,BUFX2,40,BUFX2
3117 20,BUFX2,20,BUFX4,20,BUFX2,20,BUFX4
3118 40,BUFX4,40
3119 20,BUFX4,40,BUFX2,20,BUFX2
3120 40,BUFX4,40,BUFX2
3121 80
3122 40,BUFX2,40
3123 20,BUFX2,20,BUFX2,40,BUFX2
3124 20,BUFX2,20,BUFX2,20,BUFX4,20,BUFX4
3125 40,BUFX4,40
3126 20,BUFX4,40,BUFX2,20,BUFX2
3127 40,BUFX4,40,BUFX2
3128 80
3129 40,BUFX2,40
3130 20,BUFX2,20,BUFX2,40,BUFX2
3131 20,BUFX2,20,BUFX2,20,BUFX4,20,BUFX4
3132 40,BUFX4,40
3133 20,BUFX4,40,BUFX2,20,BUFX2
3134 20,BUFX4,40,BUFX2,20,BUFX4
3135 80
3136 40,BUFX2,40
3137 20,BUFX2,20,BUFX2,40,BUFX2
3138 20,BUFX2,20,BUFX2,20,BUFX4,20,BUFX4
3139 40,BUFX4,40
3140 20,BUFX4,40,BUFX2,20,BUFX2
3141 20,BUFX4,40,BUFX2,20,BUFX4
3142 80
3143 40,BUFX2,40
3144 20,BUFX2,20,BUFX2,40,BUFX2
3145 20,BUFX2,20,BUFX2,20,BUFX4,20,BUFX4
3146 40,BUFX4,40
3147 20,BUFX4,40,BUFX2,20,BUFX4
3148 40,BUFX4,40,BUFX2
3149 80
3150 40,BUFX2,40
3151 20,BUFX2,20,BUFX2,40,BUFX2
3152 20,BUFX2,20,BUFX2,20,BUFX4,20,BUFX4
3153 40,BUFX4,40
3154 20,BUFX4,40,BUFX2,20,BUFX4
3155 40,BUFX4,40,BUFX2
3156 80
3157 40,BUFX2,40
3158 20,BUFX2,20,BUFX2,40,BUFX2
3159 20,BUFX2,20,BUFX2,20,BUFX4,20,BUFX4
3160 40,BUFX4,40
3161 20,BUFX4,40,BUFX2,20,BUFX4
3162 40,BUFX4,40,BUFX2
3163 80
3164 40,BUFX2,40
3165 20,BUFX2,20,BUFX2,40,BUFX2
3166 20,BUFX2,20,BUFX2,20,BUFX4,20,BUFX4
3167 40,BUFX4,40
3168 20,BUFX4,40,BUFX2,20,BUFX4
3169 40,BUFX4,40,BUFX2
3170 80
3171 40,BUFX2,40
3172 20,BUFX2,20,BUFX2,40,BUFX2
3173 20,BUFX2,20,BUFX2,20,BUFX4,20,BUFX4
3174 40,BUFX4,40
3175 20,BUFX4,40,BUFX2,20,BUFX4
3176 40,BUFX4,40,BUFX2
3177 80
3178 40,BUFX2,40
3179 20,BUFX2,20,BUFX2,40,BUFX2
3180 20,BUFX2,20,BUFX2,20,BUFX4,20,BUFX4
3181 40,BUFX4,40
3182 20,BUFX4,40,BUFX2,20,BUFX4
3183 40,BUFX4,40,BUFX2
3184 80
3185 40,BUFX2,40
3186 20,BUFX2,20,BUFX2,40,BUFX2
3187 20,BUFX2,20,BUFX2,20,BUFX4,20,BUFX4
3188 40,BUFX4,40
3189 20,BUFX4,40,BUFX2,20,BUFX4
3190 40,BUFX4,40,BUFX2
3191 80
3192 40,BUFX2,40
3193 20,BUFX2,20,BUFX2,40,BUFX2
3194 20,BUFX2,20,BUFX2,20,BUFX4,20,BUFX4
3195 40,BUFX4,40
3196 20,BUFX4,40,BUFX2,20,BUFX4
3197 40,BUFX4,40,BUFX2
3198 80
3199 40,BUFX2,40
3200 20,BUFX2,20,BUFX2,40,BUFX2
3201 20,BUFX2,20,BUFX2,20,BUFX4,20,BUFX4
3202 40,BUFX4,40
3203 20,BUFX4,40,BUFX2,20,BUFX4
3204 40,BUFX4,40,BUFX2
3205 80
3206 40,BUFX2,40
3207 20,BUFX2,20,BUFX2,40,BUFX2
3208 20,BUFX2,20,BUFX2,20,BUFX4,20,BUFX4
3209 40,BUFX4,40
3210 20,BUFX4,40,BUFX2,20,BUFX4
3211 40,BUFX4,40,BUFX2
3212 80
3213 80
3214 80,BUFX2
3215 40,BUFX2,40
3216 20,BUFX2,60
3217 80,BUFX4
3218 40,BUFX4,40
3219 20,BUFX4,60
3220 80,BUFX2
3221 60,BUFX2,20
3222 20,BUFX2,60
3223 80,BUFX4
3224 40,BUFX4,40
3225 20,BUFX4,60
3226 80,BUFX2
3227 40,BUFX2,40
3228 20,BUFX2,60
3229 80
3230 80,BUFX4
3231 40,BUFX4,40
3232 20,BUFX4,60
3233 80,BUFX2
3234 40,BUFX2,40
3235 20,BUFX2,60
3236 80,BUFX4
3237 40,BUFX4,40
3238 20,BUFX4,60
3239 80,BUFX2
3240 40,BUFX2,40
3241 20,BUFX2,60
3242 80,BUFX4
3243 40,BUFX4,40
3244 20,BUFX4,60
3245 80
3246 80,BUFX2
3247 40,BUFX2,40
3248 20,BUFX2,60
3249 80,BUFX4
3250 40,BUFX4,40
3251 20,BUFX4,60
3252 80
3253 80,BUFX2
3254 40,BUFX2,40
3255 20,BUFX2,60
3256 80,BUFX4
3257 40,BUFX4,40
3258 20,BUFX4,60
3259 80
3260 80,BUFX2
3261 40,BUFX2,40
3262 20,BUFX2,60
3263 80,BUFX4
3264 40,BUFX4,40
3265 20,BUFX4,60
3266 80
3267 80,BUFX2
3268 40,BUFX2,40
3269 20,BUFX2,60
3270 80,BUFX4
3271 40,BUFX4,40
3272 20,BUFX4,60
3273 80
3274 80,BUFX2
3275 40,BUFX2,40
3276 20,BUFX2,60
3277 80,BUFX4
3278 40,BUFX4,40
3279 20,BUFX4,60
3280 80
3281 80,BUFX2
3282 40,BUFX2,40
3283 20,BUFX2,60
3284 80,BUFX4
3285 40,BUFX4,40
3286 20,BUFX4,60
3287 80
3288 80,BUFX2
3289 40,BUFX2,40
3290 20,BUFX2,60
3291 80,BUFX4
3292 40,BUFX4,40
3293 20,BUFX4,60
3294 80
3295 80,BUFX2
3296 40,BUFX2,40
3297 20,BUFX2,60
3298 80,BUFX4
3299 40,BUFX4,40
3300 20,BUFX4,60
3301 80
3302 80,BUFX2
3303 40,BUFX2,40
3304 20,BUFX2,60
3305 80,BUFX4
3306 40,BUFX4,40
3307 20,BUFX4,60
3308 80
3309 80,BUFX2
3310 40,BUFX2,40
3311 20,BUFX2,60
3312 80,BUFX4
3313 40,BUFX4,40
3314 20,BUFX4,60
3315 80
3316 80,BUFX2
3317 40,BUFX2,40
3318 20,BUFX2,60
3319 80,BUFX4
3320 40,BUFX4,40
3321 20,BUFX4,60
3322 80
3323 80,BUFX2
3324 40,BUFX2,40
3325 20,BUFX2,60
3326 80,BUFX4
3327 40,BUFX4,40
3328 20,BUFX4,60
3329 80
3330 80,BUFX2
3331 40,BUFX2,40
3332 20,BUFX2,60
3333 80,BUFX4
3334 40,BUFX4,40
3335 20,BUFX4,60
3336 80
3337 80,BUFX2
3338 40,BUFX2,40
3339 20,BUFX2,60
3340 80,BUFX4
3341 40,BUFX4,40
3342 20,BUFX4,60
3343 80
3344 80,BUFX2
3345 40,BUFX2,40
3346 20,BUFX2,60
3347 80,BUFX4
3348 40,BUFX4,40
3349 20,BUFX4,60
3350 80
3351 80,BUFX2
3352 40,BUFX2,40
3353 20,BUFX2,60
3354 80,BUFX4
3355 40,BUFX4,40
3356 20,BUFX4,60
3357 80
3358 80,BUFX2
3359 40,BUFX2,40
3360 20,BUFX2,60
3361 80,BUFX4
3362 40,BUFX4,40
3363 20,BUFX4,60
3364 80
3365 80,BUFX2
3366 40,BUFX2,40
3367 20,BUFX2,60
3368 80,BUFX4
3369 40,BUFX4,40
3370 20,BUFX4,60
3371 80
3372 80,BUFX2
3373 40,BUFX2,40
3374 20,BUFX2,60
3375 80,BUFX4
3376 40,BUFX4,40
3377 20,BUFX4,60
3378 80
3379 80,BUFX2
3380 40,BUFX2,40
3381 20,BUFX2,60
3382 80,BUFX4
3383 40,BUFX4,40
3384 20,BUFX4,60
3385 80
3386 80,BUFX2
3387 40,BUFX2,40
3388 20,BUFX2,60
3389 80,BUFX4
3390 40,BUFX4,40
3391 20,BUFX4,60
3392 80
3393 80,BUFX2
3394 40,BUFX2,40
3395 20,BUFX2,60
3396 80,BUFX4
3397 40,BUFX4,40
3398 20,BUFX4,60
3399 80
3400 80,BUFX2
3401 40,BUFX2,40
3402 20,BUFX2,60
3403 80,BUFX4
3404 40,BUFX4,40
3405 20,BUFX4,60
3406 80
3407 80,BUFX2
3408 40,BUFX2,40
3409 20,BUFX2,60
3410 80,BUFX4
3411 40,BUFX4,40
3412 20,BUFX4,60
3413 80
3414 80,BUFX2
3415 40,BUFX2,40
3416 20,BUFX2,60
3417 80,BUFX4
3418 40,BUFX4,40
3419 20,BUFX4,60
3420 80
3421 80,BUFX2
3422 40,BUFX2,40
3423 20,BUFX2,60
3424 80,BUFX4
3425 40,BUFX4,40
3426 20,BUFX4,60
3427 80
3428 80,BUFX2
3429 40,BUFX2,40
3430 20,BUFX2,60
3431 80,BUFX4
3432 40,BUFX4,40
3433 20,BUFX4,60
3434 80
3435 80,BUFX2
3436 40,BUFX2,40
3437 20,BUFX2,60
3438 80,BUFX4
3439 40,BUFX4,40
3440 20,BUFX4,60
3441 80
3442 80,BUFX2
3443 40,BUFX2,40
3444 20,BUFX2,60
3445 80,BUFX4
3446 40,BUFX4,40
3447 20,BUFX4,60
3448 80
3449 80
3450 80
3451 80
3452 80
3453 80
3454 80
3455 80
3456 80
3457 80
3458 80
3459 80
3460 80
3461 80
3462 80
3463 80
3464 80
3465 80
3466 80
3467 80
3468 80
3469 80
3470 80
3471 80
3472 80
3473 80
3474 80
3475 80
3476 80
3477 80
3478 80
3479 80
3480 80
3481 80
3482 80
3483 80
3484 80
3485 80
3486 80
3487 80
3488 80
3489 80
3490 80
3491 80
3492 80
3493 80
3494 80
3495 80
3496 80
3497 80
3498 80
3499 80
3500 80
3501 80
3502 80
3503 80
3504 80
3505 80
3506 80
3507 80
3508 80
3509 80
3510 80
3511 80
3512 80
3513 80
3514 80
3515 80
3516 80
3517 80
3518 60,BUFX2,20,BUFX2
3519 20,BUFX2,20,BUFX2,20,BUFX2,20,BUFX2
3520 20,BUFX2,20,BUFX2,20,BUFX4,20,BUFX2
3521 60,BUFX4,20,BUFX2
3522 20,BUFX4,20,BUFX2,20,BUFX2,20,BUFX2
3523 20,BUFX4,20,BUFX2,20,BUFX4,20,BUFX2
3524 80
3525 40,BUFX2,20,BUFX2,20,BUFX2
3526 20,BUFX2,20,BUFX2,20,BUFX4,20,BUFX2
3527 60,BUFX4,20,BUFX2
3528 20,BUFX4,20,BUFX2,20,BUFX2,20,BUFX2
3529 20,BUFX4,20,BUFX2,20,BUFX4,20,BUFX2
3530 60,BUFX2,20,BUFX2
3531 20,BUFX2,20,BUFX2,20,BUFX2,20,BUFX2
3532 20,BUFX2,20,BUFX2,20,BUFX4,20,BUFX2
3533 80
3534 60,BUFX4,20,BUFX2
3535 20,BUFX4,20,BUFX2,20,BUFX2,20,BUFX2
3536 20,BUFX4,20,BUFX2,20,BUFX4,20,BUFX2
3537 60,BUFX2,20,BUFX2
3538 20,BUFX2,20,BUFX2,20,BUFX2,20,BUFX2
3539 20,BUFX2,20,BUFX2,20,BUFX4,20,BUFX2
3540 60,BUFX4,20,BUFX2
3541 40,BUFX4,20,BUFX2,20,BUFX2
3542 20,BUFX4,20,BUFX2,20,BUFX4,20,BUFX2
3543 60,BUFX2,20,BUFX2
3544 20,BUFX2,20,BUFX2,20,BUFX2,20,BUFX2
3545 20,BUFX2,20,BUFX2,20,BUFX4,20,BUFX2
3546 60,BUFX4,20,BUFX2
3547 20,BUFX4,20,BUFX2,20,BUFX2,20,BUFX2
3548 20,BUFX4,20,BUFX2,20,BUFX4,20,BUFX2
3549 80
3550 60,BUFX2,20,BUFX2
3551 20,BUFX2,20,BUFX2,20,BUFX2,20,BUFX2
3552 20,BUFX2,20,BUFX2,20,BUFX4,20,BUFX2
3553 60,BUFX4,20,BUFX2
3554 20,BUFX4,20,BUFX2,20,BUFX2,20,BUFX2
3555 20,BUFX4,20,BUFX2,20,BUFX4,20,BUFX2
3556 80
3557 60,BUFX2,20,BUFX2
3558 20,BUFX2,20,BUFX2,20,BUFX2,20,BUFX2
3559 20,BUFX2,20,BUFX2,20,BUFX4,20,BUFX2
3560 60,BUFX4,20,BUFX2
3561 20,BUFX4,20,BUFX2,20,BUFX2,20,BUFX2
3562 20,BUFX4,20,BUFX2,20,BUFX4,20,BUFX2
3563 80
3564 60,BUFX2,20,BUFX2
3565 20,BUFX2,20,BUFX2,20,BUFX2,20,BUFX2
3566 20,BUFX2,20,BUFX2,20,BUFX4,20,BUFX2
3567 60,BUFX4,20,BUFX2
3568 20,BUFX4,20,BUFX2,20,BUFX2,20,BUFX2
3569 20,BUFX4,20,BUFX2,20,BUFX4,20,BUFX2
3570 80
3571 60,BUFX2,20,BUFX2
3572 20,BUFX2,20,BUFX2,20,BUFX2,20,BUFX2
3573 20,BUFX2,20,BUFX2,20,BUFX4,20,BUFX2
3574 60,BUFX4,20,BUFX2
3575 20,BUFX4,20,BUFX2,20,BUFX2,20,BUFX2
3576 20,BUFX4,20,BUFX2,20,BUFX4,20,BUFX2
3577 80
3578 60,BUFX2,20,BUFX2
3579 20,BUFX2,20,BUFX2,20,BUFX2,20,BUFX2
3580 20,BUFX2,20,BUFX2,20,BUFX4,20,BUFX2
3581 60,BUFX4,20,BUFX2
3582 20,BUFX4,20,BUFX2,20,BUFX2,20,BUFX2
3583 20,BUFX4,20,BUFX2,20,BUFX4,20,BUFX2
3584 80
3585 60,BUFX2,20,BUFX2
3586 20,BUFX2,20,BUFX2,20,BUFX2,20,BUFX2
3587 20,BUFX2,20,BUFX2,20,BUFX4,20,BUFX2
3588 60,BUFX4,20,BUFX2
3589 20,BUFX4,20,BUFX2,20,BUFX2,20,BUFX2
3590 20,BUFX4,20,BUFX2,20,BUFX4,20,BUFX2
3591 80
3592 60,BUFX2,20,BUFX2
3593 20,BUFX2,20,BUFX2,20,BUFX2,20,BUFX2
3594 20,BUFX2,20,BUFX2,20,BUFX4,20,BUFX2
3595 60,BUFX4,20,BUFX2
3596 20,BUFX4,20,BUFX2,20,BUFX2,20,BUFX2
3597 20,BUFX4,20,BUFX2,20,BUFX4,20,BUFX2
3598 80
3599 60,BUFX2,20,BUFX2
3600 20,BUFX2,20,BUFX2,20,BUFX2,20,BUFX2
3601 20,BUFX2,20,BUFX2,20,BUFX4,20,BUFX2
3602 60,BUFX4,20,BUFX2
3603 20,BUFX4,20,BUFX2,20,BUFX2,20,BUFX2
3604 20,BUFX4,20,BUFX2,20,BUFX4,20,BUFX2
3605 80
3606 60,BUFX2,20,BUFX2
3607 20,BUFX2,20,BUFX2,20,BUFX2,20,BUFX2
3608 20,BUFX2,20,BUFX2,20,BUFX4,20,BUFX2
3609 60,BUFX4,20,BUFX2
3610 20,BUFX4,20,BUFX2,20,BUFX2,20,BUFX2
3611 20,BUFX4,20,BUFX2,20,BUFX4,20,BUFX2
3612 80
3613 60,BUFX2,20,BUFX2
3614 20,BUFX2,20,BUFX2,20,BUFX2,20,BUFX2
3615 20,BUFX2,20,BUFX2,20,BUFX4,20,BUFX2
3616 60,BUFX4,20,BUFX2
3617 20,BUFX4,20,BUFX2,20,BUFX2,20,BUFX2
3618 20,BUFX4,20,BUFX2,20,BUFX4,20,BUFX2
3619 80
3620 60,BUFX2,20,BUFX2
3621 20,BUFX2,20,BUFX2,20,BUFX2,20,BUFX2
3622 20,BUFX2,20,BUFX2,20,BUFX4,20,BUFX2
3623 60,BUFX4,20,BUFX2
3624 20,BUFX4,20,BUFX2,20,BUFX2,20,BUFX2
3625 20,BUFX4,20,BUFX2,20,BUFX4,20,BUFX2
3626 80
3627 60,BUFX2,20,BUFX2
3628 20,BUFX2,20,BUFX2,20,BUFX2,20,BUFX2
3629 20,BUFX2,20,BUFX2,20,BUFX4,20,BUFX2
3630 60,BUFX4,20,BUFX2
3631 20,BUFX4,20,BUFX2,20,BUFX2,20,BUFX2
3632 20,BUFX4,20,BUFX2,20,BUFX4,20,BUFX2
3633 80
3634 60,BUFX2,20,BUFX2
3635 20,BUFX2,20,BUFX2,20,BUFX2,20,BUFX2
3636 20,BUFX2,20,BUFX2,20,BUFX4,20,BUFX2
3637 60,BUFX4,20,BUFX2
3638 20,BUFX4,20,BUFX2,20,BUFX2,20,BUFX2
3639 20,BUFX4,20,BUFX2,20,BUFX4,20,BUFX2
3640 80
3641 60,BUFX2,20,BUFX2
3642 20,BUFX2,20,BUFX2,20,BUFX2,20,BUFX2
3643 20,BUFX2,20,BUFX2,20,BUFX4,20,BUFX2
3644 60,BUFX4,20,BUFX2
3645 20,BUFX4,20,BUFX2,20,BUFX2,20,BUFX2
3646 20,BUFX4,20,BUFX2,20,BUFX4,20,BUFX2
3647 80
3648 60,BUFX2,20,BUFX2
3649 20,BUFX2,20,BUFX2,20,BUFX2,20,BUFX2
3650 20,BUFX2,20,BUFX2,20,BUFX4,20,BUFX2
3651 60,BUFX4,20,BUFX2
3652 20,BUFX4,20,BUFX2,20,BUFX2,20,BUFX2
3653 20,BUFX4,20,BUFX2,20,BUFX4,20,BUFX2
3654 80
3655 60,BUFX2,20,BUFX2
3656 20,BUFX2,20,BUFX2,20,BUFX2,20,BUFX2
3657 20,BUFX2,20,BUFX2,20,BUFX4,20,BUFX2
3658 60,BUFX4,20,BUFX2
3659 20,BUFX4,20,BUFX2,20,BUFX2,20,BUFX2
3660 20,BUFX4,20,BUFX2,20,BUFX4,20,BUFX2
3661 80
3662 60,BUFX2,20,BUFX2
3663 20,BUFX2,20,BUFX2,20,BUFX2,20,BUFX2
3664 20,BUFX2,20,BUFX2,20,BUFX4,20,BUFX2
3665 60,BUFX4,20,BUFX2
3666 20,BUFX4,20,BUFX2,20,BUFX2,20,BUFX2
3667 20,BUFX4,20,BUFX2,20,BUFX4,20,BUFX2
3668 80
3669 60,BUFX2,20,BUFX2
3670 20,BUFX2,20,BUFX2,20,BUFX2,20,BUFX2
3671 20,BUFX2,20,BUFX2,20,BUFX4,20,BUFX2
3672 60,BUFX4,20,BUFX2
3673 20,BUFX4,20,BUFX2,20,BUFX2,20,BUFX2
3674 20,BUFX4,20,BUFX2,20,BUFX4,20,BUFX2
3675 80
3676 60,BUFX2,20,BUFX2
3677 20,BUFX2,20,BUFX2,20,BUFX2,20,BUFX2
3678 20,BUFX2,20,BUFX2,20,BUFX4,20,BUFX2
3679 60,BUFX4,20,BUFX2
3680 20,BUFX4,20,BUFX2,20,BUFX2,20,BUFX2
3681 20,BUFX4,20,BUFX2,20,BUFX4,20,BUFX2
3682 80
3683 60,BUFX2,20,BUFX2
3684 20,BUFX2,20,BUFX2,20,BUFX2,20,BUFX2
3685 20,BUFX2,20,BUFX2,20,BUFX4,20,BUFX2
3686 60,BUFX4,20,BUFX2
3687 20,BUFX4,20,BUFX2,20,BUFX2,20,BUFX2
3688 20,BUFX4,20,BUFX2,20,BUFX4,20,BUFX2
3689 80
3690 60,BUFX2,20,BUFX2
3691 20,BUFX2,20,BUFX2,20,BUFX2,20,BUFX2
3692 20,BUFX2,20,BUFX2,20,BUFX4,20,BUFX2
3693 60,BUFX4,20,BUFX2
3694 20,BUFX4,20,BUFX2,20,BUFX2,20,BUFX2
3695 20,BUFX4,20,BUFX2,20,BUFX4,20,BUFX2
3696 80
3697 60,BUFX2,20,BUFX2
3698 20,BUFX2,20,BUFX2,20,BUFX2,20,BUFX2
3699 20,BUFX2,20,BUFX2,20,BUFX4,20,BUFX2
3700 60,BUFX4,20,BUFX2
3701 20,BUFX4,20,BUFX2,20,BUFX2,20,BUFX2
3702 20,BUFX4,20,BUFX2,20,BUFX4,20,BUFX2
3703 80
3704 60,BUFX2,20,BUFX2
3705 20,BUFX2,20,BUFX2,20,BUFX2,20,BUFX2
3706 20,BUFX2,20,BUFX2,20,BUFX4,20,BUFX2
3707 60,BUFX4,20,BUFX2
3708 20,BUFX4,20,BUFX2,20,BUFX2,20,BUFX2
3709 20,BUFX4,20,BUFX2,20,BUFX4,20,BUFX2
3710 80
3711 60,BUFX2,20,BUFX2
3712 20,BUFX2,20,BUFX2,20,BUFX2,20,BUFX2
3713 20,BUFX2,20,BUFX2,20,BUFX4,20,BUFX2
3714 60,BUFX4,20,BUFX2
3715 20,BUFX4,20,BUFX2,20,BUFX2,20,BUFX2
3716 20,BUFX4,20,BUFX2,20,BUFX4,20,BUFX2
3717 80
3718 60,BUFX2,20,BUFX2
3719 20,BUFX2,20,BUFX2,20,BUFX2,20,BUFX2
3720 20,BUFX2,20,BUFX2,20,BUFX4,20,BUFX2
3721 60,BUFX4,20,BUFX2
3722 20,BUFX4,20,BUFX2,20,BUFX2,20,BUFX2
3723 20,BUFX4,20,BUFX2,20,BUFX4,20,BUFX2
3724 80
3725 60,BUFX2,20,BUFX2
3726 20,BUFX2,20,BUFX2,20,BUFX2,20,BUFX2
3727 20,BUFX2,20,BUFX2,20,BUFX4,20,BUFX2
3728 60,BUFX4,20,BUFX2
3729 20,BUFX4,20,BUFX2,20,BUFX2,20,BUFX2
3730 20,BUFX4,20,BUFX2,20,BUFX4,20,BUFX2
3731 80
3732 60,BUFX2,20,BUFX2
3733 20,BUFX2,20,BUFX2,20,BUFX2,20,BUFX2
3734 20,BUFX2,20,BUFX2,20,BUFX4,20,BUFX2
3735 60,BUFX4,20,BUFX2
3736 20,BUFX4,20,BUFX2,20,BUFX2,20,BUFX2
3737 20,BUFX4,20,BUFX2,20,BUFX4,20,BUFX2
3738 80
3739 60,BUFX2,20,BUFX2
3740 20,BUFX2,20,BUFX2,20,BUFX2,20,BUFX2
3741 20,BUFX2,20,BUFX2,20,BUFX4,20,BUFX2
3742 60,BUFX4,20,BUFX2
3743 20,BUFX4,20,BUFX2,20,BUFX2,20,BUFX2
3744 20,BUFX4,20,BUFX2,20,BUFX4,20,BUFX2
3745 80
3746 60,BUFX2,20,BUFX2
3747 20,BUFX2,20,BUFX2,20,BUFX2,20,BUFX2
3748 20,BUFX2,20,BUFX2,20,BUFX4,20,BUFX2
3749 60,BUFX4,20,BUFX2
3750 20,BUFX4,20,BUFX2,20,BUFX2,20,BUFX2
3751 20,BUFX4,20,BUFX2,20,BUFX4,20,BUFX2
3752 80
3753 80
3754 80
3755 80
3756 80
3757 80
3758 80
3759 80
3760 80
3761 80
3762 80
3763 80
3764 80
3765 80
3766 80
3767 80
3768 80
3769 80
3770 80
3771 80
3772 80
3773 80
3774 80
3775 80
3776 80
3777 80
3778 80
3779 80
3780 80
3781 80
3782 80
3783 80
3784 80
3785 80
3786 80
3787 80
3788 80
3789 80
3790 80
3791 80
3792 80
3793 80
3794 80
3795 80
3796 80
3797 80
3798 80
3799 80
3800 80
3801 80
3802 80
3803 80
3804 80
3805 80
3806 80
3807 80
3808 80
3809 80
3810 80
3811 80
3812 80
3813 80
3814 80
3815 80
3816 80
3817 80
3818 80
3819 80
3820 80
3821 80
3822 80
3823 80
3824 80
3825 80
3826 80
3827 80
3828 80
3829 80
3830 80
3831 80
3832 80
3833 80
3834 80
3835 80
3836 80
3837 80
3838 80
3839 80
3840 80
3841 80
3842 80
3843 80
3844 80
3845 80
3846 80
3847 80
3848 80
3849 80
3850 80
3851 80
3852 80
3853 80
3854 80
3855 80
3856 80
3857 80
3858 80
3859 80
3860 80
3861 80
3862 80
3863 80
3864 80
3865 80
3866 80
3867 80
3868 80
3869 80
3870 80
3871 80
3872 80
3873 80
3874 80
3875 80
3876 80
3877 80
3878 80
3879 80
3880 80
3881 80
3882 80
3883 80
3884 80
3885 80
3886 80
3887 80
3888 80
3889 80
3890 80
3891 80
3892 80
3893 80
3894 80
3895 80
3896 80
3897 80
3898 80
3899 80
3900 80
3901 80
3902 80
3903 80
3904 80
3905 80
3906 80
3907 80
3908 80
3909 80
3910 80
3911 80
3912 80
3913 80
3914 80
3915 80
3916 80
3917 80
3918 80
3919 80
3920 80
3921 80
3922 80
3923 80
3924 80
3925 80
3926 80
3927 80
3928 80
3929 80
3930 80
3931 80
3932 80
3933 80
3934 80
3935 80
3936 80
3937 80
3938 80
3939 80
3940 80
3941 80
3942 80
3943 80
3944 80
3945 80
3946 80
3947 80
3948 80
3949 80
3950 80
3951 80
3952 80
3953 80
3954 80
3955 80
3956 80
3957 80
3958 80
3959 80
3960 80
3961 80
3962 80
3963 80
3964 80
3965 80
3966 80
3967 80
3968 80
3969 80
3970 80
3971 80
3972 80
3973 80
3974 80
3975 80
3976 80
3977 80
3978 80
3979 80
3980 80
3981 80
3982 80
3983 80
3984 80
3985 80
3986 80
3987 80
3988 80
3989 80
3990 80
3991 40,BUFX2,20,BUFX2,20,BUFX4
3992 20,BUFX2,20,BUFX2,20,BUFX2,20,BUFX4
3993 20,BUFX2,20,BUFX2,20,BUFX4,20,BUFX4
3994 40,BUFX4,20,BUFX2,20,BUFX4
3995 20,BUFX4,20,BUFX2,20,BUFX2,20,BUFX4
3996 20,BUFX4,20,BUFX2,20,BUFX4,20,BUFX4
3997 40,BUFX2,20,BUFX2,20,BUFX4
3998 20,BUFX2,20,BUFX2,20,BUFX2,20,BUFX4
3999 20,BUFX2,20,BUFX2,20,BUFX4,20,BUFX4
4000 40,BUFX4,20,BUFX2,20,BUFX4
4001 20,BUFX4,20,BUFX2,20,BUFX2,20,BUFX4
4002 20,BUFX4,20,BUFX2,20,BUFX4,20,BUFX4
4003 40,BUFX2,20,BUFX2,20,BUFX4
4004 20,BUFX2,20,BUFX2,20,BUFX2,20,BUFX4
4005 20,BUFX2,20,BUFX2,20,BUFX4,20,BUFX4
4006 40,BUFX4,20,BUFX2,20,BUFX4
4007 20,BUFX4,20,BUFX2,20,BUFX2,20,BUFX4
4008 20,BUFX4,20,BUFX2,20,BUFX4,20,BUFX4
4009 40,BUFX2,20,BUFX2,20,BUFX4
4010 20,BUFX2,20,BUFX2,20,BUFX2,20,BUFX4
4011 20,BUFX2,20,BUFX2,20,BUFX4,20,BUFX4
4012 40,BUFX4,20,BUFX2,20,BUFX4
4013 20,BUFX4,20,BUFX2,20,BUFX2,20,BUFX4
4014 20,BUFX4,20,BUFX2,20,BUFX4,20,BUFX4
4015 40,BUFX2,20,BUFX2,20,BUFX4
4016 20,BUFX2,20,BUFX2,20,BUFX2,20,BUFX4
4017 20,BUFX2,20,BUFX2,20,BUFX4,20,BUFX4
4018 40,BUFX4,20,BUFX2,20,BUFX4
4019 20,BUFX4,20,BUFX2,20,BUFX2,20,BUFX4
4020 20,BUFX4,20,BUFX2,20,BUFX4,20,BUFX4
4021 40,BUFX2,20,BUFX2,20,BUFX4
4022 20,BUFX2,20,BUFX2,20,BUFX2,20,BUFX4
4023 20,BUFX2,20,BUFX2,20,BUFX4,20,BUFX4
4024 40,BUFX4,20,BUFX2,20,BUFX4
4025 20,BUFX4,20,BUFX2,20,BUFX2,20,BUFX4
4026 20,BUFX4,20,BUFX2,20,BUFX4,20,BUFX4
4027 40,BUFX2,20,BUFX2,20,BUFX4
4028 20,BUFX2,20,BUFX2,20,BUFX2,20,BUFX4
4029 20,BUFX2,20,BUFX2,20,BUFX4,20,BUFX4
4030 40,BUFX4,20,BUFX2,20,BUFX4
4031 20,BUFX4,20,BUFX2,20,BUFX2,20,BUFX4
4032 20,BUFX4,20,BUFX2,20,BUFX4,20,BUFX4
4033 40,BUFX2,20,BUFX2,20,BUFX4
4034 20,BUFX2,20,BUFX2,20,BUFX2,20,BUFX4
4035 20,BUFX2,20,BUFX2,20,BUFX4,20,BUFX4
4036 40,BUFX4,20,BUFX2,20,BUFX4
4037 20,BUFX4,20,BUFX2,20,BUFX2,20,BUFX4
4038 20,BUFX4,20,BUFX2,20,BUFX4,20,BUFX4
4039 40,BUFX2,20,BUFX2,20,BUFX4
4040 20,BUFX2,20,BUFX2,20,BUFX2,20,BUFX4
4041 20,BUFX2,20,BUFX2,20,BUFX4,20,BUFX4
4042 40,BUFX4,20,BUFX2,20,BUFX4
4043 20,BUFX4,20,BUFX2,20,BUFX2,20,BUFX4
4044 20,BUFX4,20,BUFX2,20,BUFX4,20,BUFX4
4045 40,BUFX2,20,BUFX2,20,BUFX4
4046 20,BUFX2,20,BUFX2,20,BUFX2,20,BUFX4
4047 20,BUFX2,20,BUFX2,20,BUFX4,20,BUFX4
4048 40,BUFX4,20,BUFX2,20,BUFX4
4049 20,BUFX4,20,BUFX2,20,BUFX2,20,BUFX4
4050 20,BUFX4,20,BUFX2,20,BUFX4,20,BUFX4
4051 40,BUFX2,20,BUFX2,20,BUFX4
4052 20,BUFX2,20,BUFX2,20,BUFX2,20,BUFX4
4053 20,BUFX2,20,BUFX2,20,BUFX4,20,BUFX4
4054 40,BUFX4,20,BUFX2,20,BUFX4
4055 20,BUFX4,20,BUFX2,20,BUFX2,20,BUFX4
4056 20,BUFX4,20,BUFX2,20,BUFX4,20,BUFX4
4057 40,BUFX2,20,BUFX2,20,BUFX4
4058 20,BUFX2,20,BUFX2,20,BUFX2,20,BUFX4
4059 20,BUFX2,20,BUFX2,20,BUFX4,20,BUFX4
4060 40,BUFX4,20,BUFX2,20,BUFX4
4061 20,BUFX4,20,BUFX2,20,BUFX2,20,BUFX4
4062 20,BUFX4,20,BUFX2,20,BUFX4,20,BUFX4
4063 40,BUFX2,20,BUFX2,20,BUFX4
4064 20,BUFX2,20,BUFX2,20,BUFX2,20,BUFX4
4065 20,BUFX2,20,BUFX2,20,BUFX4,20,BUFX4
4066 40,BUFX4,20,BUFX2,20,BUFX4
4067 20,BUFX4,20,BUFX2,20,BUFX2,20,BUFX4
4068 20,BUFX4,20,BUFX2,20,BUFX4,20,BUFX4
4069 40,BUFX2,20,BUFX2,20,BUFX4
4070 20,BUFX2,20,BUFX2,20,BUFX2,20,BUFX4
4071 20,BUFX2,20,BUFX2,20,BUFX4,20,BUFX4
4072 40,BUFX4,20,BUFX2,20,BUFX4
4073 20,BUFX4,20,BUFX2,20,BUFX2,20,BUFX4
4074 20,BUFX4,20,BUFX2,20,BUFX4,20,BUFX4
4075 40,BUFX2,20,BUFX2,20,BUFX4
4076 20,BUFX2,20,BUFX2,20,BUFX2,20,BUFX4
4077 20,BUFX2,20,BUFX2,20,BUFX4,20,BUFX4
4078 40,BUFX4,20,BUFX2,20,BUFX4
4079 20,BUFX4,20,BUFX2,20,BUFX2,20,BUFX4
4080 20,BUFX4,20,BUFX2,20,BUFX4,20,BUFX4
4081 40,BUFX2,20,BUFX2,20,BUFX4
4082 20,BUFX2,20,BUFX2,20,BUFX2,20,BUFX4
4083 20,BUFX2,20,BUFX2,20,BUFX4,20,BUFX4
4084 40,BUFX4,20,BUFX2,20,BUFX4
4085 20,BUFX4,20,BUFX2,20,BUFX2,20,BUFX4
4086 20,BUFX4,20,BUFX2,20,BUFX4,20,BUFX4
4087 40,BUFX2,20,BUFX2,20,BUFX4
4088 20,BUFX2,20,BUFX2,20,BUFX2,20,BUFX4
4089 20,BUFX2,20,BUFX2,20,BUFX4,20,BUFX4
4090 40,BUFX4,20,BUFX2,20,BUFX4
4091 20,BUFX4,20,BUFX2,20,BUFX2,20,BUFX4
4092 20,BUFX4,20,BUFX2,20,BUFX4,20,BUFX4
4093 40,BUFX2,20,BUFX2,20,BUFX4
4094 20,BUFX2,20,BUFX2,20,BUFX2,20,BUFX4
4095 20,BUFX2,20,BUFX2,20,BUFX4,20,BUFX4
4096 40,BUFX4,20,BUFX2,20,BUFX4
4097 20,BUFX4,20,BUFX2,20,BUFX2,20,BUFX4
4098 20,BUFX4,20,BUFX2,20,BUFX4,20,BUFX4
4099 40,BUFX2,20,BUFX2,20,BUFX4
4100 20,BUFX2,20,BUFX2,20,BUFX2,20,BUFX4
4101 20,BUFX2,20,BUFX2,20,BUFX4,20,BUFX4
4102 40,BUFX4,20,BUFX2,20,BUFX4
4103 20,BUFX4,20,BUFX2,20,BUFX2,20,BUFX4
4104 20,BUFX4,20,BUFX2,20,BUFX4,20,BUFX4
4105 40,BUFX2,20,BUFX2,20,BUFX4
4106 20,BUFX2,20,BUFX2,20,BUFX2,20,BUFX4
4107 20,BUFX2,20,BUFX2,20,BUFX4,20,BUFX4
4108 40,BUFX4,20,BUFX2,20,BUFX4
4109 20,BUFX4,20,BUFX2,20,BUFX2,20,BUFX4
4110 20,BUFX4,20,BUFX2,20,BUFX4,20,BUFX4
4111 40,BUFX2,20,BUFX2,20,BUFX4
4112 20,BUFX2,20,BUFX2,20,BUFX2,20,BUFX4
4113 20,BUFX2,20,BUFX2,20,BUFX4,20,BUFX4
4114 40,BUFX4,20,BUFX2,20,BUFX4
4115 20,BUFX4,20,BUFX2,20,BUFX2,20,BUFX4
4116 20,BUFX4,20,BUFX2,20,BUFX4,20,BUFX4
4117 40,BUFX2,20,BUFX2,20,BUFX4
4118 20,BUFX2,20,BUFX2,20,BUFX2,20,BUFX4
4119 20,BUFX2,20,BUFX2,20,BUFX4,20,BUFX4
4120 40,BUFX4,20,BUFX2,20,BUFX4
4121 20,BUFX4,20,BUFX2,20,BUFX2,20,BUFX4
4122 20,BUFX4,20,BUFX2,20,BUFX4,20,BUFX4
4123 40,BUFX2,20,BUFX2,20,BUFX4
4124 20,BUFX2,20,BUFX2,20,BUFX2,20,BUFX4
4125 20,BUFX2,20,BUFX2,20,BUFX4,20,BUFX4
4126 40,BUFX4,20,BUFX2,20,BUFX4
4127 20,BUFX4,20,BUFX2,20,BUFX2,20,BUFX4
4128 20,BUFX4,20,BUFX2,20,BUFX4,20,BUFX4
4129 40,BUFX2,20,BUFX2,20,BUFX4
4130 20,BUFX2,20,BUFX2,20,BUFX2,20,BUFX4
4131 20,BUFX2,20,BUFX2,20,BUFX4,20,BUFX4
4132 40,BUFX4,20,BUFX2,20,BUFX4
4133 20,BUFX4,20,BUFX2,20,BUFX2,20,BUFX4
4134 20,BUFX4,20,BUFX2,20,BUFX4,20,BUFX4
4135 40,BUFX2,20,BUFX2,20,BUFX4
4136 20,BUFX2,20,BUFX2,20,BUFX2,20,BUFX4
4137 20,BUFX2,20,BUFX2,20,BUFX4,20,BUFX4
4138 40,BUFX4,20,BUFX2,20,BUFX4
4139 20,BUFX4,20,BUFX2,20,BUFX2,20,BUFX4
4140 20,BUFX4,20,BUFX2,20,BUFX4,20,BUFX4
4141 40,BUFX2,20,BUFX2,20,BUFX4
4142 20,BUFX2,20,BUFX2,20,BUFX2,20,BUFX4
4143 20,BUFX2,20,BUFX2,20,BUFX4,20,BUFX4
4144 40,BUFX4,20,BUFX2,20,BUFX4
4145 20,BUFX4,20,BUFX2,20,BUFX2,20,BUFX4
4146 20,BUFX4,20,BUFX2,20,BUFX4,20,BUFX4
4147 40,BUFX2,20,BUFX2,20,BUFX4
4148 20,BUFX2,20,BUFX2,20,BUFX2,20,BUFX4
4149 20,BUFX2,20,BUFX2,20,BUFX4,20,BUFX4
4150 40,BUFX4,20,BUFX2,20,BUFX4
4151 20,BUFX4,20,BUFX2,20,BUFX2,20,BUFX4
4152 20,BUFX4,20,BUFX2,20,BUFX4,20,BUFX4
4153 40,BUFX2,20,BUFX2,20,BUFX4
4154 20,BUFX2,20,BUFX2,20,BUFX2,20,BUFX4
4155 20,BUFX2,20,BUFX2,20,BUFX4,20,BUFX4
4156 40,BUFX4,20,BUFX2,20,BUFX4
4157 20,BUFX4,20,BUFX2,20,BUFX2,20,BUFX4
4158 20,BUFX4,20,BUFX2,20,BUFX4,20,BUFX4
4159 40,BUFX2,20,BUFX2,20,BUFX4
4160 20,BUFX2,20,BUFX2,20,BUFX2,20,BUFX4
4161 20,BUFX2,20,BUFX2,20,BUFX4,20,BUFX4
4162 40,BUFX4,20,BUFX2,20,BUFX4
4163 20,BUFX4,20,BUFX2,20,BUFX2,20,BUFX4
4164 20,BUFX4,20,BUFX2,20,BUFX4,20,BUFX4
4165 40,BUFX2,20,BUFX2,20,BUFX4
4166 20,BUFX2,20,BUFX2,20,BUFX2,20,BUFX4
4167 20,BUFX2,20,BUFX2,20,BUFX4,20,BUFX4
4168 40,BUFX4,20,BUFX2,20,BUFX4
4169 20,BUFX4,20,BUFX2,20,BUFX2,20,BUFX4
4170 20,BUFX4,20,BUFX2,20,BUFX4,20,BUFX4
4171 40,BUFX2,20,BUFX2,20,BUFX4
4172 20,BUFX2,20,BUFX2,20,BUFX2,20,BUFX4
4173 20,BUFX2,20,BUFX2,20,BUFX4,20,BUFX4
4174 40,BUFX4,20,BUFX2,20,BUFX4
4175 20,BUFX4,20,BUFX2,20,BUFX2,20,BUFX4
4176 20,BUFX4,20,BUFX2,20,BUFX4,20,BUFX4
4177 40,BUFX2,20,BUFX2,20,BUFX4
4178 20,BUFX2,20,BUFX2,20,BUFX2,20,BUFX4
4179 20,BUFX2,20,BUFX2,20,BUFX4,20,BUFX4
4180 40,BUFX4,20,BUFX2,20,BUFX4
4181 20,BUFX4,20,BUFX2,20,BUFX2,20,BUFX4
4182 20,BUFX4,20,BUFX2,20,BUFX4,20,BUFX4
4183 40,BUFX2,20,BUFX2,20,BUFX4
4184 20,BUFX2,20,BUFX2,20,BUFX2,20,BUFX4
4185 20,BUFX2,20,BUFX2,20,BUFX4,20,BUFX4
4186 40,BUFX4,20,BUFX2,20,BUFX4
4187 20,BUFX4,20,BUFX2,20,BUFX2,20,BUFX4
4188 20,BUFX4,20,BUFX2,20,BUFX4,20,BUFX4
4189 40,BUFX2,20,BUFX2,20,BUFX4
4190 20,BUFX2,20,BUFX2,20,BUFX2,20,BUFX4
4191 20,BUFX2,20,BUFX2,20,BUFX4,20,BUFX4
4192 40,BUFX4,20,BUFX2,20,BUFX4
4193 20,BUFX4,20,BUFX2,20,BUFX2,20,BUFX4
4194 20,BUFX4,20,BUFX2,20,BUFX4,20,BUFX4
